##############################################################################################
#                         CosmicWatch: The Desktop Muon Detector v2.1
#                                  Questions? saxani@udel.edu
#                                     Detector Name: AxLab                                     
# Event  Time[s]  Coincident[bool]  ADC[0-4095]  SiPM[mV]  Deadtime[s]  Temp[C]  Pressure[Pa]
#############################################################################################
1	0.049512	0	363	27.0	0.000055	23.6	102189
2	0.236868	0	318	23.1	0.000310	23.6	102189
3	0.503272	0	157	7.9	0.000504	23.6	102189
4	0.805505	0	217	13.8	0.000693	23.6	102189
5	0.935600	0	195	11.7	0.000876	23.6	102189
6	0.999134	0	819	68.3	0.001064	23.6	102189
7	1.027656	0	165	8.7	0.001255	23.6	102189
8	1.528891	0	205	12.7	0.001435	23.6	102191
9	1.580925	0	336	24.7	0.001623	23.6	102191
10	1.666438	0	346	25.5	0.001835	23.6	102191
11	2.274063	0	241	16.2	0.002040	23.6	102190
12	2.309703	0	166	8.8	0.002236	23.6	102190
13	2.324211	0	180	10.2	0.002423	23.6	102190
14	2.512904	0	522	41.4	0.002607	23.6	102190
15	2.641468	0	157	7.9	0.002814	23.6	102190
16	2.789867	0	355	26.3	0.003006	23.6	102190
17	2.815731	0	797	66.2	0.003196	23.6	102190
18	3.920554	0	219	14.0	0.003385	23.7	102191
19	4.193928	0	227	14.8	0.003582	23.7	102191
20	4.685294	0	257	17.7	0.003771	23.7	102190
21	5.203380	0	548	43.9	0.003990	23.7	102190
22	5.257707	0	466	36.3	0.004252	23.7	102190
23	5.266900	0	633	51.8	0.004456	23.7	102190
24	5.815938	0	166	8.8	0.004628	23.7	102189
25	6.876901	0	270	18.9	0.004815	23.7	102193
26	7.295088	0	193	11.5	0.005005	23.7	102192
27	7.710959	0	194	11.6	0.005200	23.7	102192
28	7.951019	0	811	67.5	0.005397	23.7	102192
29	7.992666	0	186	10.8	0.005583	23.7	102193
30	8.549521	0	162	8.4	0.005776	23.7	102193
31	8.690002	0	457	35.5	0.005970	23.7	102193
32	9.119684	0	560	45.1	0.006172	23.7	102192
33	9.167064	0	209	13.1	0.006358	23.7	102192
34	9.919447	0	153	7.5	0.006554	23.7	102191
35	10.105988	0	192	11.4	0.006742	23.7	102193
36	10.279537	0	186	10.8	0.006934	23.7	102193
37	10.479604	0	188	11.0	0.007124	23.7	102192
38	10.634159	0	150	7.2	0.007310	23.7	102192
39	10.726340	0	203	12.5	0.007505	23.7	102192
40	11.096686	0	210	13.1	0.007699	23.7	102192
41	11.098839	0	268	18.7	0.007893	23.7	102192
42	11.154690	0	420	32.1	0.008071	23.7	102192
43	11.418867	0	152	7.4	0.008262	23.7	102191
44	11.420736	0	222	14.3	0.008452	23.7	102191
45	11.762839	0	464	36.1	0.008618	23.7	102191
46	12.573515	0	282	20.0	0.008812	23.8	102192
47	13.303124	0	240	16.1	0.009006	23.8	102191
48	13.547709	0	1114	94.3	0.009194	23.8	102191
49	13.816862	0	154	7.6	0.009384	23.8	102193
50	13.918739	0	228	14.9	0.009578	23.8	102193
51	14.051436	0	337	24.8	0.009773	23.8	102193
52	14.138799	0	313	22.7	0.009983	23.8	102193
53	14.170418	0	187	10.9	0.010184	23.8	102193
54	14.325577	0	153	7.5	0.010377	23.8	102192
55	14.502646	0	152	7.4	0.010574	23.8	102192
56	14.596913	0	154	7.6	0.010779	23.8	102192
57	15.228398	0	172	9.4	0.010970	23.8	102191
58	15.685148	0	555	44.6	0.011180	23.8	102193
59	16.178348	1	789	65.5	0.011444	23.8	102193
60	16.187029	0	160	8.2	0.011651	23.8	102193
61	16.630249	0	155	7.7	0.011825	23.8	102192
62	17.516677	0	190	11.2	0.012021	23.8	102193
63	17.659706	0	163	8.5	0.012213	23.8	102193
64	18.275675	0	202	12.4	0.012407	23.8	102191
65	18.953628	1	892	75.1	0.012606	23.8	102193
66	19.117016	0	633	51.8	0.012797	23.8	102193
67	19.328913	1	853	71.5	0.013001	23.8	102192
68	19.480144	0	258	17.8	0.013210	23.8	102192
69	19.902271	1	897	75.6	0.013411	23.8	102191
70	20.061840	0	156	7.8	0.013606	23.8	102191
71	20.266593	0	147	6.9	0.013803	23.8	102191
72	20.696489	0	625	51.1	0.013998	23.8	102195
73	20.872048	0	320	23.3	0.014191	23.8	102195
74	21.741540	0	284	20.2	0.014382	23.9	102194
75	22.536862	0	744	61.2	0.014578	23.9	102194
76	22.599743	0	210	13.1	0.014769	23.9	102194
77	22.889692	1	897	75.6	0.014981	23.9	102194
78	23.421777	0	716	58.8	0.015177	23.9	102193
79	23.916694	0	229	15.0	0.015369	23.9	102192
80	23.925461	0	219	14.0	0.015561	23.9	102192
81	24.374136	0	203	12.5	0.015753	23.9	102194
82	24.407824	0	488	38.3	0.015943	23.9	102194
83	24.836116	0	511	40.4	0.016139	23.9	102194
84	25.170918	0	401	30.4	0.016336	23.9	102193
85	25.392575	0	182	10.4	0.016529	23.9	102193
86	25.517412	0	187	10.9	0.016746	23.9	102195
87	25.634163	1	1240	104.8	0.017015	23.9	102195
88	25.846334	0	158	8.0	0.017223	23.9	102195
89	26.674259	0	434	33.4	0.017414	23.9	102193
90	26.913854	1	736	60.5	0.017617	23.9	102192
91	26.984117	0	152	7.4	0.017811	23.9	102192
92	27.049910	0	1012	85.7	0.017999	23.9	102192
93	27.836495	0	241	16.2	0.018192	23.9	102194
94	28.264845	0	303	21.8	0.018385	23.9	102193
95	28.551246	0	355	26.3	0.018577	23.9	102192
96	28.677614	0	686	56.2	0.018763	23.9	102192
97	28.764915	0	667	54.6	0.018956	23.9	102192
98	28.840378	0	168	9.0	0.019149	23.9	102194
99	28.954502	0	176	9.8	0.019346	23.9	102194
100	29.345982	0	153	7.5	0.019536	23.9	102193
101	29.434377	0	800	66.5	0.019732	23.9	102193
102	29.908171	0	150	7.2	0.019927	24.0	102192
103	30.336490	0	750	61.8	0.020119	24.0	102193
104	31.017710	0	251	17.1	0.020322	24.0	102193
105	31.073812	0	198	12.0	0.020519	24.0	102193
106	31.154024	0	1448	122.2	0.020713	24.0	102193
107	31.426262	0	426	32.7	0.020910	24.0	102191
108	32.132798	0	152	7.4	0.021104	24.0	102196
109	32.169978	0	242	16.3	0.021302	24.0	102196
110	33.280507	0	251	17.1	0.021499	24.0	102193
111	34.104182	0	211	13.2	0.021695	24.0	102194
112	34.105066	0	172	9.4	0.021892	24.0	102194
113	34.765928	0	1010	85.6	0.022064	24.0	102192
114	34.913419	0	158	8.0	0.022262	24.0	102192
115	34.955505	0	844	70.6	0.022452	24.0	102192
116	35.092146	0	187	10.9	0.022661	24.0	102192
117	35.112707	0	154	7.6	0.022855	24.0	102194
118	35.543443	0	2389	198.0	0.023050	24.0	102194
119	35.634722	0	290	20.7	0.023269	24.0	102193
120	36.262767	0	3451	296.5	0.023520	24.0	102192
121	36.473134	0	223	14.4	0.023737	24.0	102192
122	36.846697	0	511	40.4	0.023937	24.0	102194
123	36.912228	1	388	29.2	0.024144	24.0	102194
124	37.110317	0	181	10.3	0.024338	24.0	102193
125	37.599343	0	487	38.2	0.024536	24.0	102192
126	39.283491	0	269	18.8	0.024739	24.1	102191
127	39.576477	0	169	9.1	0.024941	24.1	102190
128	39.778902	0	154	7.6	0.025132	24.1	102190
129	40.600793	0	184	10.6	0.025328	24.1	102191
130	40.637983	0	149	7.1	0.025532	24.1	102191
131	40.799666	0	1294	109.3	0.025721	24.1	102191
132	40.957024	0	542	43.4	0.025923	24.1	102190
133	41.067449	0	204	12.6	0.026125	24.1	102190
134	41.320116	0	218	13.9	0.026327	24.1	102190
135	41.595121	0	1424	120.2	0.026525	24.1	102192
136	42.036650	0	217	13.8	0.026721	24.1	102190
137	42.386675	0	161	8.3	0.026916	24.1	102190
138	42.873527	0	356	26.4	0.027112	24.1	102191
139	44.612367	0	353	26.2	0.027305	24.1	102194
140	44.651326	0	489	38.4	0.027506	24.1	102194
141	45.556705	0	184	10.6	0.027700	24.1	102192
142	45.910036	0	372	27.8	0.027913	24.1	102194
143	46.036134	0	312	22.6	0.028157	24.1	102194
144	46.044072	0	466	36.3	0.028356	24.1	102194
145	46.044963	0	174	9.6	0.028525	24.1	102194
146	46.123856	0	212	13.3	0.028699	24.1	102194
147	47.031582	0	162	8.4	0.028905	24.2	102192
148	47.102920	0	147	6.9	0.029103	24.2	102192
149	47.293862	0	152	7.4	0.029295	24.2	102194
150	47.494492	0	371	27.7	0.029490	24.2	102194
151	47.586301	0	245	16.6	0.029680	24.2	102194
152	47.714882	0	1155	97.7	0.029872	24.2	102193
153	48.695369	0	314	22.8	0.030071	24.2	102193
154	49.921987	0	2169	180.0	0.030267	24.2	102192
155	50.298880	0	226	14.7	0.030464	24.2	102193
156	50.567248	0	474	37.0	0.030662	24.2	102193
157	50.683408	0	785	65.1	0.030851	24.2	102192
158	50.852067	0	260	17.9	0.031044	24.2	102192
159	51.051805	0	494	38.8	0.031239	24.2	102192
160	51.120455	0	169	9.1	0.031434	24.2	102191
161	51.498107	0	727	59.7	0.031629	24.2	102191
162	51.540176	0	198	12.0	0.031819	24.2	102191
163	51.632534	0	336	24.7	0.032013	24.2	102193
164	51.755423	0	186	10.8	0.032207	24.2	102193
165	52.138814	0	170	9.2	0.032407	24.2	102192
166	52.486961	1	782	64.8	0.032604	24.2	102192
167	52.567062	0	217	13.8	0.032803	24.2	102191
168	52.757937	0	382	28.7	0.033008	24.2	102191
169	52.869194	0	153	7.5	0.033206	24.2	102191
170	52.986999	1	348	25.7	0.033410	24.2	102191
171	53.348739	0	187	10.9	0.033606	24.2	102192
172	53.523912	0	453	35.1	0.033802	24.2	102191
173	55.046362	0	566	45.6	0.033996	24.3	102194
174	55.396823	0	340	25.0	0.034193	24.3	102194
175	55.674545	0	268	18.7	0.034390	24.3	102193
176	56.342899	0	324	23.6	0.034616	24.3	102194
177	56.569996	0	318	23.1	0.034865	24.3	102193
178	57.238149	1	1450	122.3	0.035087	24.3	102192
179	57.421708	0	522	41.4	0.035290	24.3	102194
180	57.932867	1	1125	95.2	0.035492	24.3	102193
181	58.042450	0	945	80.1	0.035696	24.3	102193
182	58.224361	0	250	17.0	0.035889	24.3	102193
183	58.868138	0	1518	128.0	0.036083	24.3	102194
184	58.897026	0	395	29.9	0.036286	24.3	102194
185	59.063946	0	149	7.1	0.036485	24.3	102194
186	60.326775	0	360	26.8	0.036679	24.3	102193
187	60.443981	1	1641	138.2	0.036881	24.3	102193
188	60.587942	0	727	59.7	0.037091	24.3	102193
189	60.621135	0	931	78.8	0.037282	24.3	102193
190	60.703418	0	275	19.3	0.037475	24.3	102193
191	61.311167	0	286	20.3	0.037674	24.4	102191
192	61.968769	0	150	7.2	0.037876	24.4	102193
193	62.630303	0	318	23.1	0.038097	24.4	102192
194	62.743560	0	1530	129.0	0.038289	24.4	102191
195	62.831101	0	1803	151.1	0.038487	24.4	102191
196	62.958789	0	199	12.1	0.038688	24.4	102191
197	63.378487	0	154	7.6	0.038886	24.4	102192
198	63.460490	0	198	12.0	0.039077	24.4	102192
199	63.549810	0	216	13.7	0.039277	24.4	102192
200	63.789236	0	266	18.5	0.039486	24.4	102191
201	63.936973	0	322	23.4	0.039678	24.4	102191
202	64.118857	0	171	9.3	0.039872	24.4	102191
203	64.295725	1	993	84.1	0.040080	24.4	102191
204	64.390374	0	178	10.0	0.040281	24.4	102191
205	64.707954	0	369	27.6	0.040479	24.4	102192
206	64.934456	0	2848	239.0	0.040692	24.4	102192
207	64.967035	0	216	13.7	0.040907	24.4	102192
208	65.090485	0	198	12.0	0.041106	24.4	102192
209	65.320235	0	162	8.4	0.041308	24.4	102191
210	65.329106	0	161	8.3	0.041504	24.4	102191
211	65.440826	0	185	10.7	0.041684	24.4	102191
212	66.156816	0	809	67.3	0.041884	24.4	102194
213	66.261643	0	473	36.9	0.042101	24.4	102194
214	66.358115	0	152	7.4	0.042355	24.4	102194
215	66.629852	0	500	39.4	0.042574	24.4	102194
216	66.670447	0	417	31.9	0.042777	24.4	102194
217	67.324094	0	209	13.1	0.042974	24.4	102193
218	67.353221	0	283	20.1	0.043177	24.4	102193
219	67.832110	0	150	7.2	0.043376	24.4	102194
220	68.896197	0	277	19.5	0.043572	24.5	102192
221	69.223924	0	147	6.9	0.043765	24.5	102194
222	69.602424	0	150	7.2	0.043962	24.5	102193
223	69.664125	0	226	14.7	0.044163	24.5	102193
224	70.125466	0	425	32.6	0.044361	24.5	102192
225	70.185756	0	728	59.8	0.044570	24.5	102192
226	70.359058	0	161	8.3	0.044768	24.5	102192
227	70.575859	0	240	16.1	0.044970	24.5	102194
228	70.712591	0	196	11.8	0.045172	24.5	102194
229	71.075139	0	317	23.0	0.045369	24.5	102193
230	71.882757	0	394	29.8	0.045568	24.5	102191
231	71.928372	0	541	43.3	0.045766	24.5	102193
232	72.255774	0	1730	145.3	0.045958	24.5	102193
233	72.592412	0	209	13.1	0.046157	24.5	102192
234	72.744682	0	179	10.1	0.046356	24.5	102192
235	73.329943	0	413	31.5	0.046557	24.5	102190
236	73.449256	0	177	9.9	0.046757	24.5	102190
237	73.715269	0	1801	150.9	0.046957	24.5	102190
238	73.914723	0	149	7.1	0.047161	24.5	102192
239	74.267509	0	203	12.5	0.047362	24.5	102192
240	74.272495	0	1630	137.3	0.047564	24.5	102192
241	74.657011	0	161	8.3	0.047747	24.5	102191
242	74.684553	0	363	27.0	0.047950	24.5	102191
243	75.828078	0	163	8.5	0.048147	24.5	102190
244	76.302951	0	216	13.7	0.048353	24.5	102189
245	77.074884	0	148	7.0	0.048574	24.6	102194
246	77.288319	1	2023	168.5	0.048833	24.6	102193
247	78.240876	0	338	24.8	0.049042	24.6	102193
248	78.471223	0	178	10.0	0.049246	24.6	102193
249	79.331521	0	526	41.8	0.049463	24.6	102191
250	79.435280	0	196	11.8	0.049661	24.6	102191
251	79.748783	0	261	18.0	0.049864	24.6	102193
252	79.783454	0	339	24.9	0.050067	24.6	102193
253	79.867565	0	206	12.8	0.050269	24.6	102193
254	80.313112	0	569	45.9	0.050470	24.6	102192
255	80.607377	0	177	9.9	0.050670	24.6	102191
256	80.629110	0	354	26.2	0.050872	24.6	102191
257	80.640543	0	169	9.1	0.051078	24.6	102191
258	80.700332	1	1771	148.6	0.051257	24.6	102191
259	80.700687	0	882	74.2	0.051465	24.6	102191
260	80.943709	0	204	12.6	0.051643	24.6	102191
261	81.082575	0	243	16.4	0.051844	24.6	102193
262	81.086854	0	224	14.5	0.052043	24.6	102193
263	81.567792	0	310	22.4	0.052217	24.6	102192
264	81.712073	0	151	7.3	0.052417	24.6	102192
265	82.048621	1	766	63.3	0.052625	24.6	102191
266	82.106895	0	189	11.1	0.052824	24.6	102191
267	82.516490	0	1035	87.7	0.053020	24.6	102190
268	83.209946	0	170	9.2	0.053228	24.6	102191
269	83.271175	1	825	68.8	0.053435	24.6	102191
270	83.523721	0	155	7.7	0.053627	24.6	102190
271	83.863700	0	154	7.6	0.053818	24.6	102190
272	84.300044	0	576	46.6	0.054012	24.6	102189
273	85.004042	0	219	14.0	0.054212	24.7	102190
274	85.271892	0	150	7.2	0.054411	24.7	102190
275	85.955599	0	151	7.3	0.054606	24.7	102190
276	86.083744	0	180	10.2	0.054811	24.7	102190
277	87.209164	0	152	7.4	0.055009	24.7	102188
278	88.382683	0	211	13.2	0.055222	24.7	102188
279	88.986728	1	1081	91.5	0.055482	24.7	102187
280	89.114418	0	155	7.7	0.055698	24.7	102187
281	89.192135	0	549	44.0	0.055896	24.7	102187
282	89.266621	0	305	22.0	0.056097	24.7	102187
283	89.468215	0	291	20.8	0.056295	24.7	102191
284	89.752983	0	665	54.5	0.056501	24.7	102191
285	90.412924	0	212	13.3	0.056704	24.7	102189
286	90.468124	0	261	18.0	0.056910	24.7	102189
287	90.579035	0	381	28.6	0.057111	24.7	102189
288	90.599384	0	161	8.3	0.057315	24.7	102189
289	90.700256	0	505	39.8	0.057517	24.7	102189
290	91.063138	0	192	11.4	0.057718	24.7	102191
291	92.028889	0	188	11.0	0.057918	24.7	102189
292	93.033385	0	156	7.8	0.058117	24.8	102191
293	93.226352	0	586	47.5	0.058319	24.8	102190
294	93.647727	0	209	13.1	0.058519	24.8	102189
295	93.730265	0	420	32.1	0.058720	24.8	102189
296	94.759039	0	452	35.0	0.058923	24.8	102190
297	95.084588	0	172	9.4	0.059122	24.8	102189
298	95.398959	0	155	7.7	0.059341	24.8	102189
299	95.497969	0	433	33.3	0.059536	24.8	102189
300	95.555823	0	1013	85.8	0.059739	24.8	102189
301	96.037168	0	168	9.0	0.059936	24.8	102188
302	96.045257	0	150	7.2	0.060135	24.8	102188
303	96.182516	0	837	70.0	0.060345	24.8	102191
304	96.486319	0	187	10.9	0.060549	24.8	102191
305	96.677622	0	613	50.1	0.060750	24.8	102190
306	97.029363	0	162	8.4	0.060952	24.8	102190
307	97.319651	0	220	14.1	0.061151	24.8	102188
308	98.027809	0	2125	176.5	0.061365	24.8	102189
309	98.281542	0	318	23.1	0.061626	24.8	102189
310	98.414992	0	324	23.6	0.061844	24.8	102189
311	98.857593	0	1137	96.2	0.062040	24.8	102189
312	99.784020	0	202	12.4	0.062243	24.8	102190
313	99.829062	0	182	10.4	0.062444	24.8	102190
314	100.516848	0	164	8.6	0.062640	24.8	102188
315	100.603418	0	153	7.5	0.062837	24.8	102188
316	100.764107	0	166	8.8	0.063042	24.8	102188
317	101.276625	0	237	15.8	0.063242	24.9	102193
318	101.894963	0	193	11.5	0.063443	24.9	102191
319	102.170878	0	156	7.8	0.063648	24.9	102191
320	102.250436	0	201	12.3	0.063852	24.9	102191
321	102.606437	0	196	11.8	0.064058	24.9	102190
322	102.691412	0	636	52.0	0.064262	24.9	102190
323	102.739342	0	196	11.8	0.064461	24.9	102190
324	103.158424	0	150	7.2	0.064688	24.9	102192
325	103.327272	0	181	10.3	0.064889	24.9	102192
326	103.739946	0	155	7.7	0.065088	24.9	102191
327	103.776302	0	171	9.3	0.065284	24.9	102191
328	103.963135	0	533	42.5	0.065486	24.9	102190
329	104.124407	0	200	12.2	0.065689	24.9	102190
330	104.775230	0	227	14.8	0.065891	24.9	102191
331	105.369040	0	1304	110.2	0.066093	24.9	102191
332	105.571566	0	188	11.0	0.066292	24.9	102191
333	105.693613	0	446	34.5	0.066498	24.9	102191
334	105.796949	0	2669	221.0	0.066695	24.9	102190
335	105.880949	0	291	20.8	0.066900	24.9	102190
336	106.010304	0	264	18.3	0.067101	24.9	102190
337	106.307902	1	1026	86.9	0.067311	24.9	102192
338	106.553732	0	154	7.6	0.067508	24.9	102192
339	106.618386	0	366	27.3	0.067708	24.9	102192
340	106.749342	0	240	16.1	0.067915	24.9	102191
341	107.329862	0	2150	178.5	0.068132	24.9	102190
342	107.433993	0	538	43.0	0.068340	24.9	102190
343	107.937897	0	214	13.5	0.068560	24.9	102188
344	108.625609	0	292	20.8	0.068827	24.9	102190
345	108.808602	0	163	8.5	0.069037	24.9	102189
346	109.287187	1	910	76.8	0.069247	24.9	102188
347	109.332576	0	419	32.0	0.069448	24.9	102188
348	109.541820	0	190	11.2	0.069650	24.9	102188
349	109.742593	0	245	16.6	0.069852	24.9	102188
350	109.907210	0	433	33.3	0.070048	24.9	102188
351	110.604024	0	526	41.8	0.070248	25.0	102189
352	110.789350	0	165	8.7	0.070459	25.0	102189
353	110.960750	0	164	8.6	0.070682	25.0	102189
354	111.641129	0	1222	103.3	0.070887	25.0	102187
355	111.645179	0	289	20.6	0.071094	25.0	102187
356	112.279239	0	222	14.3	0.071267	25.0	102189
357	112.315897	0	289	20.6	0.071468	25.0	102189
358	112.417756	0	224	14.5	0.071677	25.0	102189
359	112.979914	0	148	7.0	0.071874	25.0	102188
360	113.042516	0	185	10.7	0.072070	25.0	102187
361	113.790753	0	382	28.7	0.072271	25.0	102186
362	114.395844	0	171	9.3	0.072478	25.0	102188
363	114.443085	0	642	52.5	0.072678	25.0	102187
364	114.671871	0	2144	178.0	0.072884	25.0	102187
365	114.680098	0	213	13.4	0.073083	25.0	102187
366	115.346290	0	416	31.8	0.073258	25.0	102187
367	116.396997	0	239	16.0	0.073456	25.0	102190
368	117.500741	0	171	9.3	0.073655	25.0	102188
369	117.522916	1	1016	86.1	0.073863	25.0	102188
370	118.232549	0	1010	85.6	0.074106	25.0	102190
371	118.515709	0	156	7.8	0.074360	25.0	102189
372	118.599980	0	243	16.4	0.074568	25.0	102189
373	119.379924	0	273	19.1	0.074778	25.0	102187
374	119.610651	0	177	9.9	0.074976	25.0	102187
375	120.271115	0	542	43.4	0.075179	25.0	102188
376	121.805675	0	216	13.7	0.075378	25.1	102189
377	122.235524	0	570	46.0	0.075577	25.1	102188
378	122.438609	0	174	9.6	0.075779	25.1	102188
379	122.503833	0	1118	94.6	0.075983	25.1	102188
380	122.507629	0	440	33.9	0.076185	25.1	102188
381	122.642141	0	161	8.3	0.076356	25.1	102188
382	122.686994	0	185	10.7	0.076557	25.1	102187
383	123.213661	0	640	52.4	0.076761	25.1	102186
384	123.344656	0	292	20.8	0.076957	25.1	102186
385	123.482410	0	184	10.6	0.077157	25.1	102186
386	124.759127	0	257	17.7	0.077365	25.1	102186
387	125.157216	0	258	17.8	0.077569	25.1	102186
388	126.589484	0	196	11.8	0.077766	25.1	102186
389	126.713227	0	163	8.5	0.077965	25.1	102186
390	126.953259	0	700	57.4	0.078165	25.1	102186
391	127.102495	0	1142	96.6	0.078366	25.1	102185
392	128.295911	0	219	14.0	0.078574	25.1	102184
393	129.593850	1	1195	101.1	0.078803	25.1	102185
394	129.656653	0	221	14.2	0.079062	25.1	102185
395	129.878173	0	320	23.3	0.079273	25.1	102185
396	130.077149	0	703	57.7	0.079480	25.1	102184
397	130.109327	0	238	15.9	0.079678	25.1	102184
398	130.293319	0	429	32.9	0.079875	25.1	102184
399	130.329126	0	2348	194.6	0.080075	25.1	102184
400	130.346840	0	308	22.2	0.080276	25.1	102184
401	131.335184	1	889	74.9	0.080482	25.1	102189
402	131.342856	0	152	7.4	0.080680	25.1	102189
403	131.561235	0	162	8.4	0.080857	25.1	102188
404	131.762565	0	181	10.3	0.081062	25.1	102188
405	132.450274	0	977	82.8	0.081271	25.2	102189
406	132.722829	0	158	8.0	0.081473	25.2	102189
407	132.902558	0	186	10.8	0.081667	25.2	102188
408	132.940575	1	1805	151.3	0.081874	25.2	102188
409	133.121743	0	351	26.0	0.082077	25.2	102188
410	134.315790	0	282	20.0	0.082283	25.2	102189
411	135.172157	0	214	13.5	0.082485	25.2	102188
412	135.224630	0	450	34.8	0.082683	25.2	102188
413	135.828523	0	229	15.0	0.082887	25.2	102187
414	136.517740	0	391	29.5	0.083091	25.2	102186
415	136.734392	0	513	40.6	0.083294	25.2	102188
416	136.759854	0	492	38.7	0.083495	25.2	102188
417	136.951438	0	459	35.7	0.083697	25.2	102188
418	137.247020	0	302	21.7	0.083896	25.2	102188
419	137.368553	0	415	31.7	0.084096	25.2	102188
420	137.973055	0	235	15.6	0.084298	25.2	102187
421	138.094052	0	1498	126.3	0.084495	25.2	102187
422	138.271501	0	186	10.8	0.084698	25.2	102187
423	138.952458	0	267	18.6	0.084899	25.2	102189
424	138.955594	0	500	39.4	0.085112	25.2	102189
425	139.505778	0	189	11.1	0.085332	25.2	102188
426	139.885897	0	162	8.4	0.085589	25.2	102187
427	140.759727	0	158	8.0	0.085807	25.2	102186
428	140.908188	0	171	9.3	0.086035	25.2	102186
429	141.053203	0	150	7.2	0.086242	25.2	102188
430	141.433786	0	149	7.1	0.086434	25.2	102188
431	141.737424	0	149	7.1	0.086631	25.2	102188
432	141.796418	0	373	27.9	0.086826	25.2	102188
433	142.142782	0	162	8.4	0.087023	25.2	102187
434	142.698214	0	580	47.0	0.087222	25.2	102187
435	142.823479	0	307	22.1	0.087425	25.2	102187
436	143.499823	0	147	6.9	0.087645	25.3	102188
437	143.568270	0	157	7.9	0.087845	25.3	102188
438	143.583726	0	545	43.6	0.088052	25.3	102188
439	144.270823	0	296	21.2	0.088226	25.3	102188
440	144.369392	1	472	36.8	0.088439	25.3	102188
441	144.517111	0	574	46.4	0.088643	25.3	102187
442	144.719433	0	400	30.3	0.088845	25.3	102187
443	144.894420	0	150	7.2	0.089052	25.3	102187
444	145.203769	0	3484	299.6	0.089254	25.3	102186
445	145.930406	1	2894	243.6	0.089470	25.3	102190
446	146.080080	1	2990	253.3	0.089688	25.3	102190
447	146.372497	0	916	77.4	0.089891	25.3	102190
448	146.892366	0	479	37.5	0.090100	25.3	102189
449	147.335631	0	159	8.1	0.090318	25.3	102188
450	147.635146	0	744	61.2	0.090518	25.3	102188
451	147.715540	0	163	8.5	0.090721	25.3	102188
452	148.208713	0	854	71.6	0.090926	25.3	102190
453	148.348093	0	174	9.6	0.091123	25.3	102190
454	148.473272	1	909	76.7	0.091333	25.3	102190
455	149.776738	0	164	8.6	0.091528	25.3	102187
456	150.313881	0	156	7.8	0.091749	25.3	102190
457	151.214378	0	744	61.2	0.092022	25.3	102188
458	151.500713	0	534	42.6	0.092233	25.3	102188
459	151.854739	0	180	10.2	0.092450	25.3	102188
460	152.018164	1	927	78.4	0.092654	25.3	102188
461	152.039224	0	508	40.1	0.092854	25.3	102188
462	152.585181	0	260	17.9	0.093068	25.3	102187
463	152.752400	0	168	9.0	0.093262	25.3	102189
464	153.713027	0	220	14.1	0.093459	25.3	102188
465	154.167380	1	2112	175.5	0.093666	25.3	102187
466	154.569184	0	179	10.1	0.093876	25.3	102187
467	154.729282	0	267	18.6	0.094074	25.4	102186
468	154.847274	0	1646	138.6	0.094272	25.4	102186
469	155.201155	0	422	32.3	0.094478	25.4	102188
470	156.319383	0	1051	89.0	0.094678	25.4	102187
471	157.217061	0	172	9.4	0.094878	25.4	102185
472	157.648712	0	177	9.9	0.095074	25.4	102185
473	157.799271	0	445	34.4	0.095279	25.4	102185
474	158.748474	1	782	64.8	0.095482	25.4	102186
475	159.031136	0	494	38.8	0.095681	25.4	102185
476	159.202775	0	281	19.9	0.095884	25.4	102185
477	160.059036	0	669	54.8	0.096093	25.4	102184
478	160.127975	0	361	26.9	0.096306	25.4	102184
479	160.773527	0	178	10.0	0.096559	25.4	102186
480	160.812094	0	286	20.3	0.096770	25.4	102186
481	160.812630	0	302	21.7	0.096979	25.4	102186
482	162.554784	0	173	9.5	0.097154	25.4	102183
483	162.916911	0	147	6.9	0.097356	25.4	102183
484	162.930339	0	283	20.1	0.097550	25.4	102183
485	163.744814	0	162	8.4	0.097725	25.4	102185
486	164.292743	0	320	23.3	0.097922	25.4	102184
487	165.769905	0	153	7.5	0.098122	25.4	102188
488	166.400505	0	195	11.7	0.098327	25.4	102188
489	166.727033	0	176	9.8	0.098527	25.4	102187
490	167.239763	0	146	6.8	0.098743	25.4	102187
491	168.167434	0	194	11.6	0.098950	25.5	102186
492	168.442248	0	243	16.4	0.099173	25.5	102186
493	168.585496	0	181	10.3	0.099386	25.5	102186
494	169.618383	0	618	50.5	0.099588	25.5	102188
495	170.213392	0	167	8.9	0.099792	25.5	102188
496	170.664879	0	172	9.4	0.100013	25.5	102187
497	171.277535	0	790	65.6	0.100271	25.5	102187
498	171.355629	0	243	16.4	0.100485	25.5	102187
499	171.819047	0	1795	150.5	0.100701	25.5	102189
500	172.034159	1	945	80.1	0.100925	25.5	102189
501	172.160974	0	694	56.9	0.101138	25.5	102189
502	172.170244	0	184	10.6	0.101337	25.5	102189
503	172.598914	0	344	25.4	0.101511	25.5	102188
504	173.860370	0	517	41.0	0.101711	25.5	102187
505	173.999194	0	277	19.5	0.101915	25.5	102190
506	175.461186	0	189	11.1	0.102117	25.5	102188
507	175.843882	0	227	14.8	0.102317	25.5	102188
508	175.855067	0	800	66.5	0.102521	25.5	102188
509	175.880931	0	462	35.9	0.102724	25.5	102188
510	175.990397	0	3251	279.5	0.102923	25.5	102188
511	176.224178	0	168	9.0	0.103137	25.5	102188
512	176.534328	0	160	8.2	0.103336	25.5	102187
513	176.624491	0	516	40.9	0.103529	25.5	102187
514	176.707288	0	264	18.3	0.103734	25.5	102187
515	177.087232	0	158	8.0	0.103937	25.5	102190
516	177.652087	0	459	35.7	0.104137	25.5	102189
517	178.034002	0	564	45.5	0.104337	25.5	102188
518	179.013708	0	156	7.8	0.104541	25.5	102187
519	179.539586	0	192	11.4	0.104745	25.5	102186
520	179.682405	0	152	7.4	0.104947	25.5	102186
521	179.840402	1	2027	168.8	0.105160	25.5	102189
522	180.130696	0	401	30.4	0.105370	25.5	102189
523	180.730072	0	318	23.1	0.105575	25.5	102187
524	181.447630	0	192	11.4	0.105802	25.5	102187
525	181.776583	0	214	13.5	0.106060	25.5	102186
526	182.961172	0	1044	88.4	0.106271	25.5	102188
527	183.172794	0	292	20.8	0.106480	25.5	102187
528	183.478289	0	162	8.4	0.106687	25.5	102187
529	183.590319	0	169	9.1	0.106896	25.5	102187
530	184.058155	0	989	83.8	0.107094	25.5	102187
531	184.204133	0	496	39.0	0.107294	25.5	102186
532	184.309214	0	262	18.1	0.107498	25.5	102186
533	184.412000	0	397	30.0	0.107701	25.5	102186
534	185.257217	0	234	15.5	0.107899	25.6	102185
535	185.418964	0	247	16.7	0.108106	25.6	102185
536	185.420427	0	147	6.9	0.108303	25.6	102185
537	185.437801	0	373	27.9	0.108473	25.6	102185
538	186.462395	1	1284	108.5	0.108676	25.6	102190
539	187.919596	0	673	55.1	0.108874	25.6	102189
540	188.350677	0	665	54.5	0.109076	25.6	102188
541	188.837933	0	494	38.8	0.109279	25.6	102188
542	188.910371	0	310	22.4	0.109483	25.6	102190
543	189.339564	0	923	78.0	0.109695	25.6	102190
544	189.610261	0	165	8.7	0.109892	25.6	102190
545	189.716542	0	289	20.6	0.110098	25.6	102190
546	190.030599	0	148	7.0	0.110301	25.6	102189
547	190.324323	0	329	24.1	0.110510	25.6	102189
548	190.648074	0	331	24.2	0.110729	25.6	102189
549	190.651196	1	1033	87.5	0.110939	25.6	102189
550	191.508282	0	991	84.0	0.111114	25.6	102188
551	191.673479	1	1419	119.7	0.111353	25.6	102188
552	191.737761	0	965	81.8	0.111610	25.6	102188
553	192.282705	1	883	74.3	0.111835	25.6	102191
554	192.297707	1	1146	97.0	0.112047	25.6	102191
555	192.501574	0	346	25.5	0.112236	25.6	102190
556	192.617423	0	395	29.9	0.112433	25.6	102190
557	192.791106	0	622	50.9	0.112639	25.6	102190
558	193.222212	0	162	8.4	0.112837	25.6	102190
559	193.599153	0	1795	150.5	0.113042	25.6	102189
560	193.729271	0	154	7.6	0.113268	25.6	102189
561	193.911422	0	322	23.4	0.113471	25.6	102189
562	194.488952	0	150	7.2	0.113683	25.6	102188
563	194.554702	0	454	35.2	0.113883	25.6	102188
564	194.646588	0	362	27.0	0.114085	25.6	102188
565	194.851371	0	1248	105.5	0.114288	25.6	102188
566	195.107717	1	1178	99.7	0.114503	25.6	102188
567	195.608770	0	165	8.7	0.114701	25.6	102190
568	196.000481	0	156	7.8	0.114903	25.6	102190
569	196.301915	0	277	19.5	0.115102	25.6	102189
570	196.595519	0	911	76.9	0.115305	25.6	102189
571	196.857269	0	269	18.8	0.115526	25.6	102189
572	197.991647	0	290	20.7	0.115726	25.6	102188
573	198.013374	0	891	75.0	0.115926	25.6	102188
574	198.125031	0	202	12.4	0.116126	25.6	102187
575	198.525167	0	285	20.2	0.116324	25.6	102187
576	198.600881	0	1160	98.2	0.116524	25.6	102189
577	198.740285	1	672	55.1	0.116738	25.6	102189
578	198.907008	0	204	12.6	0.116943	25.6	102189
579	198.950343	0	194	11.6	0.117144	25.6	102189
580	199.307147	0	562	45.3	0.117348	25.6	102189
581	199.650144	0	323	23.5	0.117545	25.6	102188
582	199.834262	0	348	25.7	0.117742	25.6	102188
583	200.020435	0	264	18.3	0.117949	25.6	102188
584	200.116565	0	200	12.2	0.118155	25.7	102188
585	200.924469	0	358	26.6	0.118359	25.7	102187
586	201.000982	0	929	78.6	0.118561	25.7	102187
587	201.156892	0	176	9.8	0.118758	25.7	102187
588	201.259219	0	193	11.5	0.118956	25.7	102187
589	201.267939	0	534	42.6	0.119179	25.7	102187
590	201.539689	0	210	13.1	0.119367	25.7	102189
591	202.001741	0	160	8.2	0.119594	25.7	102189
592	202.220577	0	558	44.9	0.119876	25.7	102189
593	202.884171	0	163	8.5	0.120092	25.7	102188
594	203.129844	0	503	39.7	0.120296	25.7	102187
595	203.204881	0	184	10.6	0.120509	25.7	102187
596	203.388610	0	148	7.0	0.120714	25.7	102187
597	203.604640	0	559	45.0	0.120917	25.7	102187
598	203.719779	0	149	7.1	0.121120	25.7	102187
599	204.122937	0	620	50.7	0.121328	25.7	102186
600	205.417180	1	1083	91.7	0.121544	25.7	102188
601	206.289996	0	153	7.5	0.121747	25.7	102187
602	206.330493	0	166	8.8	0.121948	25.7	102187
603	206.517141	0	196	11.8	0.122150	25.7	102187
604	206.527554	0	183	10.5	0.122348	25.7	102187
605	207.245635	0	923	78.0	0.122552	25.7	102187
606	207.532438	0	169	9.1	0.122748	25.7	102186
607	207.847590	0	394	29.8	0.122952	25.7	102186
608	208.143520	0	159	8.1	0.123157	25.7	102186
609	208.622748	0	154	7.6	0.123359	25.7	102188
610	209.147909	0	154	7.6	0.123556	25.7	102188
611	209.421463	0	154	7.6	0.123760	25.7	102187
612	209.714593	0	243	16.4	0.123962	25.7	102187
613	210.434758	0	184	10.6	0.124170	25.7	102187
614	210.558120	0	160	8.2	0.124376	25.7	102187
615	210.589744	0	379	28.5	0.124575	25.7	102187
616	210.914853	0	811	67.5	0.124777	25.7	102186
617	211.203374	0	169	9.1	0.124979	25.7	102186
618	211.272811	0	158	8.0	0.125180	25.7	102186
619	211.559527	0	1068	90.4	0.125374	25.7	102186
620	212.077601	0	385	29.0	0.125599	25.7	102185
621	212.648388	0	231	15.2	0.125850	25.7	102190
622	212.672627	0	882	74.2	0.126063	25.7	102190
623	212.991717	0	3345	286.7	0.126269	25.7	102190
624	214.258234	0	177	9.9	0.126483	25.7	102189
625	214.485458	0	198	12.0	0.126687	25.7	102189
626	214.949919	0	1173	99.2	0.126901	25.7	102189
627	214.966138	0	185	10.7	0.127105	25.7	102189
628	215.774148	0	159	8.1	0.127324	25.7	102188
629	215.889957	0	379	28.5	0.127524	25.7	102188
630	216.234759	1	847	70.9	0.127733	25.7	102190
631	216.245351	0	149	7.1	0.127940	25.7	102190
632	216.581436	0	149	7.1	0.128141	25.7	102189
633	216.598001	0	317	23.0	0.128339	25.7	102189
634	216.599003	0	188	11.0	0.128515	25.7	102189
635	216.649436	0	956	81.0	0.128688	25.7	102189
636	216.673088	0	157	7.9	0.128891	25.7	102189
637	218.142083	0	265	18.4	0.129096	25.8	102189
638	218.733831	0	1162	98.3	0.129302	25.8	102188
639	218.763887	0	199	12.1	0.129509	25.8	102188
640	219.047843	0	163	8.5	0.129718	25.8	102187
641	219.416477	0	880	74.0	0.129923	25.8	102187
642	220.074570	0	157	7.9	0.130126	25.8	102189
643	220.190160	0	166	8.8	0.130326	25.8	102189
644	220.299754	0	472	36.8	0.130521	25.8	102189
645	220.304403	0	230	15.1	0.130725	25.8	102189
646	220.447897	0	160	8.2	0.130908	25.8	102189
647	221.563724	0	195	11.7	0.131135	25.8	102188
648	221.915504	0	178	10.0	0.131340	25.8	102187
649	222.220837	0	179	10.1	0.131570	25.8	102187
650	222.299092	1	738	60.7	0.131839	25.8	102187
651	222.478854	0	192	11.4	0.132052	25.8	102187
652	222.939579	0	930	78.7	0.132261	25.8	102186
653	223.760346	0	542	43.4	0.132465	25.8	102188
654	224.153467	0	168	9.0	0.132677	25.8	102188
655	224.170079	0	186	10.8	0.132875	25.8	102188
656	224.547345	0	922	77.9	0.133049	25.8	102187
657	225.503087	1	185	10.7	0.133258	25.8	102186
658	225.512308	0	291	20.8	0.133469	25.8	102186
659	225.523866	0	163	8.5	0.133674	25.8	102186
660	225.646374	0	243	16.4	0.133848	25.8	102186
661	225.850884	0	257	17.7	0.134059	25.8	102186
662	226.076231	0	181	10.3	0.134264	25.8	102186
663	226.206157	0	286	20.3	0.134466	25.8	102186
664	226.320303	0	870	73.1	0.134668	25.8	102186
665	226.882880	0	378	28.4	0.134867	25.8	102185
666	226.918367	0	802	66.7	0.135065	25.8	102185
667	226.967849	0	198	12.0	0.135270	25.8	102185
668	227.016984	0	190	11.2	0.135467	25.8	102185
669	227.795707	0	174	9.6	0.135670	25.8	102187
670	227.976155	0	240	16.1	0.135890	25.8	102187
671	228.160485	0	974	82.5	0.136092	25.8	102186
672	228.969640	0	150	7.2	0.136300	25.8	102186
673	229.082286	0	159	8.1	0.136495	25.8	102185
674	229.141254	0	152	7.4	0.136693	25.8	102185
675	229.158506	0	163	8.5	0.136892	25.8	102185
676	229.217133	0	289	20.6	0.137083	25.8	102185
677	229.429219	0	159	8.1	0.137286	25.8	102185
678	229.972573	0	225	14.6	0.137484	25.8	102185
679	230.056773	0	229	15.0	0.137688	25.8	102184
680	230.279127	0	173	9.5	0.137903	25.8	102184
681	230.516782	0	2773	231.5	0.138104	25.8	102184
682	230.767301	0	202	12.4	0.138304	25.8	102184
683	230.927689	0	164	8.6	0.138502	25.8	102184
684	231.631257	0	252	17.2	0.138700	25.8	102186
685	232.151628	0	146	6.8	0.138893	25.8	102185
686	232.893880	0	352	26.1	0.139113	25.8	102185
687	233.227673	0	219	14.0	0.139370	25.8	102185
688	233.824843	0	168	9.0	0.139584	25.8	102185
689	233.850595	0	237	15.8	0.139794	25.8	102185
690	233.872313	0	342	25.2	0.139996	25.8	102185
691	233.946657	1	2020	168.2	0.140229	25.8	102185
692	234.009915	0	481	37.7	0.140434	25.8	102185
693	234.275851	0	581	47.1	0.140634	25.8	102185
694	234.460867	0	211	13.2	0.140840	25.8	102184
695	234.623272	0	160	8.2	0.141042	25.8	102184
696	234.834807	0	356	26.4	0.141240	25.8	102184
697	234.885026	0	205	12.7	0.141464	25.8	102184
698	235.841910	0	166	8.8	0.141668	25.8	102186
699	236.042289	0	404	30.7	0.141871	25.8	102186
700	236.375200	0	153	7.5	0.142074	25.8	102185
701	236.626964	0	677	55.5	0.142270	25.8	102185
702	236.658758	0	160	8.2	0.142475	25.8	102185
703	236.939981	0	257	17.7	0.142679	25.9	102185
704	236.975142	0	183	10.5	0.142888	25.9	102185
705	237.292957	0	196	11.8	0.143088	25.9	102185
706	237.314703	0	563	45.4	0.143306	25.9	102185
707	237.440083	0	168	9.0	0.143499	25.9	102185
708	237.492348	0	446	34.5	0.143698	25.9	102185
709	238.219417	0	196	11.8	0.143902	25.9	102184
710	238.527797	0	172	9.4	0.144098	25.9	102184
711	238.750074	0	146	6.8	0.144305	25.9	102184
712	238.936054	0	179	10.1	0.144504	25.9	102184
713	239.212859	0	179	10.1	0.144705	25.9	102189
714	239.469954	0	662	54.2	0.144903	25.9	102189
715	239.617630	0	167	8.9	0.145106	25.9	102189
716	239.747673	0	280	19.8	0.145312	25.9	102189
717	240.072885	0	160	8.2	0.145514	25.9	102189
718	240.332885	0	152	7.4	0.145717	25.9	102189
719	240.724325	0	327	23.9	0.145923	25.9	102189
720	240.785648	0	477	37.3	0.146119	25.9	102189
721	241.294536	0	317	23.0	0.146321	25.9	102188
722	241.347132	0	196	11.8	0.146520	25.9	102188
723	241.765693	0	220	14.1	0.146722	25.9	102188
724	242.273043	1	952	80.7	0.146925	25.9	102188
725	242.281383	0	1057	89.5	0.147129	25.9	102188
726	242.346003	0	227	14.8	0.147334	25.9	102188
727	242.682502	0	456	35.4	0.147594	25.9	102188
728	242.860722	0	283	20.1	0.147806	25.9	102188
729	243.008672	0	1249	105.6	0.148011	25.9	102188
730	243.209002	0	253	17.3	0.148235	25.9	102187
731	244.007525	0	233	15.4	0.148442	25.9	102187
732	244.038270	0	247	16.7	0.148645	25.9	102189
733	244.059442	0	158	8.0	0.148848	25.9	102189
734	244.342795	0	270	18.9	0.149047	25.9	102189
735	244.630529	0	161	8.3	0.149244	25.9	102189
736	245.425790	0	329	24.1	0.149444	25.9	102188
737	245.633051	0	264	18.3	0.149646	25.9	102188
738	245.769714	0	160	8.2	0.149847	25.9	102188
739	246.024228	0	168	9.0	0.150052	25.9	102188
740	246.489272	0	250	17.0	0.150248	25.9	102188
741	246.608815	0	974	82.5	0.150452	25.9	102188
742	246.912634	0	197	11.9	0.150651	25.9	102187
743	246.986752	0	204	12.6	0.150847	25.9	102187
744	247.056844	1	352	26.1	0.151061	25.9	102187
745	248.292727	0	173	9.5	0.151261	25.9	102187
746	248.477893	0	164	8.6	0.151473	25.9	102189
747	248.982788	0	296	21.2	0.151671	25.9	102189
748	249.191088	0	333	24.4	0.151873	25.9	102189
749	249.609257	0	151	7.3	0.152079	25.9	102189
750	249.893990	0	154	7.6	0.152279	25.9	102189
751	249.990974	0	268	18.7	0.152476	25.9	102189
752	250.646354	0	200	12.2	0.152677	25.9	102189
753	251.731856	0	153	7.5	0.152874	25.9	102188
754	251.965134	0	233	15.4	0.153076	25.9	102188
755	252.331906	0	1018	86.2	0.153293	25.9	102187
756	254.485682	0	681	55.8	0.153544	25.9	102189
757	255.661411	0	240	16.1	0.153801	25.9	102188
758	256.488640	0	1650	139.0	0.154021	25.9	102187
759	257.441503	0	181	10.3	0.154229	25.9	102187
760	257.973839	0	316	22.9	0.154428	25.9	102186
761	258.248156	0	158	8.0	0.154628	25.9	102189
762	258.578581	0	218	13.9	0.154833	25.9	102188
763	260.071190	0	322	23.4	0.155033	25.9	102187
764	260.270112	0	249	16.9	0.155251	25.9	102187
765	260.339272	0	344	25.4	0.155475	25.9	102187
766	260.491827	0	304	21.9	0.155671	26.0	102187
767	260.534064	1	403	30.6	0.155882	26.0	102187
768	260.794689	0	352	26.1	0.156086	26.0	102187
769	261.518205	0	398	30.1	0.156285	26.0	102186
770	261.663686	0	266	18.5	0.156490	26.0	102186
771	261.877595	0	204	12.6	0.156692	26.0	102186
772	263.027176	0	154	7.6	0.156895	26.0	102188
773	263.264595	0	155	7.7	0.157110	26.0	102188
774	263.411304	0	290	20.7	0.157365	26.0	102188
775	263.653542	0	236	15.7	0.157576	26.0	102188
776	264.169872	0	427	32.8	0.157785	26.0	102188
777	264.275182	0	812	67.6	0.157980	26.0	102188
778	264.559301	0	155	7.7	0.158178	26.0	102187
779	265.202243	0	174	9.6	0.158379	26.0	102187
780	265.604014	0	160	8.2	0.158579	26.0	102187
781	266.157778	0	589	47.8	0.158776	26.0	102187
782	266.987209	0	223	14.4	0.158976	26.0	102189
783	267.210772	0	156	7.8	0.159180	26.0	102189
784	267.218047	0	153	7.5	0.159385	26.0	102188
785	268.019582	0	411	31.3	0.159583	26.0	102188
786	268.714778	0	1860	155.6	0.159785	26.0	102188
787	268.726863	0	257	17.7	0.159991	26.0	102188
788	268.812508	0	289	20.6	0.160161	26.0	102188
789	268.995824	0	882	74.2	0.160364	26.0	102188
790	269.174208	0	339	24.9	0.160561	26.0	102188
791	270.028624	0	474	37.0	0.160762	26.0	102187
792	270.481152	1	652	53.4	0.160970	26.0	102187
793	270.602331	0	1971	164.4	0.161170	26.0	102187
794	271.033290	0	190	11.2	0.161391	26.0	102187
795	271.378869	0	154	7.6	0.161596	26.0	102189
796	271.423570	0	461	35.8	0.161802	26.0	102189
797	272.254890	0	632	51.7	0.162012	26.0	102188
798	272.466787	0	195	11.7	0.162216	26.0	102188
799	272.611455	0	229	15.0	0.162411	26.0	102188
800	273.024759	0	199	12.1	0.162613	26.0	102187
801	273.116733	0	289	20.6	0.162816	26.0	102187
802	273.760654	0	584	47.4	0.163033	26.0	102187
803	273.984494	0	172	9.4	0.163288	26.0	102186
804	274.587796	0	147	6.9	0.163496	26.0	102186
805	275.289035	0	281	19.9	0.163694	26.0	102186
806	275.341087	1	1027	87.0	0.163905	26.0	102186
807	276.112618	0	273	19.1	0.164104	26.0	102185
808	276.769253	0	237	15.8	0.164302	26.0	102184
809	277.002050	0	153	7.5	0.164500	26.0	102189
810	277.020000	0	349	25.8	0.164697	26.0	102189
811	277.406285	0	626	51.2	0.164884	26.0	102189
812	277.577337	1	843	70.5	0.165092	26.0	102189
813	277.836155	0	330	24.1	0.165288	26.0	102189
814	278.475419	1	797	66.2	0.165500	26.0	102189
815	278.533667	0	1703	143.2	0.165697	26.0	102189
816	280.142574	1	1642	138.3	0.165907	26.0	102188
817	280.371748	0	286	20.3	0.166110	26.0	102187
818	280.387925	0	294	21.0	0.166310	26.0	102187
819	281.004529	0	148	7.0	0.166509	26.0	102187
820	281.171019	0	156	7.8	0.166734	26.0	102187
821	281.485674	0	851	71.3	0.166940	26.0	102187
822	281.689763	0	529	42.1	0.167157	26.0	102187
823	281.869154	0	925	78.2	0.167359	26.0	102187
824	282.051622	0	243	16.4	0.167564	26.0	102187
825	282.560131	0	150	7.2	0.167795	26.0	102189
826	282.610497	0	152	7.4	0.168007	26.0	102189
827	282.775497	0	291	20.8	0.168205	26.0	102189
828	283.102218	0	243	16.4	0.168399	26.0	102189
829	283.344123	0	243	16.4	0.168620	26.0	102189
830	283.787022	0	319	23.2	0.168876	26.0	102188
831	283.873939	0	165	8.7	0.169096	26.0	102188
832	283.878503	0	157	7.9	0.169301	26.0	102188
833	283.954526	0	406	30.9	0.169474	26.0	102188
834	284.186034	0	251	17.1	0.169676	26.0	102188
835	284.533477	0	266	18.5	0.169871	26.0	102188
836	284.979873	0	259	17.8	0.170082	26.0	102188
837	285.104976	0	162	8.4	0.170288	26.0	102188
838	285.931977	0	261	18.0	0.170487	26.0	102187
839	285.998888	0	279	19.7	0.170689	26.0	102187
840	286.654240	0	162	8.4	0.170893	26.0	102186
841	286.714713	1	1148	97.1	0.171116	26.0	102186
842	287.829339	0	500	39.4	0.171316	26.0	102186
843	288.133337	0	205	12.7	0.171510	26.0	102186
844	288.482145	0	177	9.9	0.171704	26.0	102186
845	288.786468	0	169	9.1	0.171898	26.0	102188
846	289.456500	0	154	7.6	0.172095	26.1	102188
847	289.460115	0	219	14.0	0.172294	26.1	102188
848	290.115037	0	277	19.5	0.172465	26.1	102188
849	290.256169	0	180	10.2	0.172668	26.1	102188
850	290.808110	1	761	62.8	0.172876	26.1	102187
851	291.134450	0	372	27.8	0.173090	26.1	102187
852	291.148782	0	576	46.6	0.173295	26.1	102187
853	291.384792	0	197	11.9	0.173516	26.1	102187
854	291.598627	0	260	17.9	0.173726	26.1	102187
855	291.615881	0	426	32.7	0.173932	26.1	102187
856	292.524751	0	436	33.6	0.174134	26.1	102186
857	292.671571	1	845	70.7	0.174341	26.1	102186
858	292.781945	0	200	12.2	0.174536	26.1	102186
859	292.793860	0	934	79.1	0.174743	26.1	102186
860	293.387290	0	386	29.1	0.174941	26.1	102185
861	293.608536	0	168	9.0	0.175167	26.1	102185
862	293.671261	0	158	8.0	0.175422	26.1	102185
863	293.751394	0	334	24.5	0.175635	26.1	102185
864	293.822598	0	246	16.6	0.175864	26.1	102188
865	294.621563	0	158	8.0	0.176072	26.1	102187
866	295.743048	0	1083	91.7	0.176269	26.1	102186
867	296.318600	0	150	7.2	0.176467	26.1	102185
868	296.579902	0	912	77.0	0.176671	26.1	102185
869	297.108828	0	153	7.5	0.176880	26.1	102185
870	297.215886	0	186	10.8	0.177080	26.1	102185
871	297.279796	0	190	11.2	0.177282	26.1	102185
872	297.515510	0	150	7.2	0.177480	26.1	102185
873	297.791075	0	807	67.2	0.177692	26.1	102184
874	298.225981	0	336	24.7	0.177897	26.1	102184
875	298.255617	0	155	7.7	0.178100	26.1	102184
876	298.960114	0	148	7.0	0.178301	26.1	102184
877	299.336701	0	311	22.5	0.178503	26.1	102183
878	299.339869	0	185	10.7	0.178704	26.1	102183
879	301.263844	0	196	11.8	0.178878	26.1	102184
880	301.781525	0	856	71.8	0.179078	26.1	102184
881	301.926705	0	176	9.8	0.179283	26.1	102184
882	302.016011	0	164	8.6	0.179488	26.1	102184
883	302.255867	0	148	7.0	0.179683	26.1	102184
884	302.458050	0	209	13.1	0.179886	26.1	102184
885	302.619596	0	254	17.4	0.180094	26.1	102183
886	302.971665	0	246	16.6	0.180299	26.1	102183
887	303.334530	1	1090	92.3	0.180514	26.1	102183
888	303.370270	0	243	16.4	0.180739	26.1	102183
889	303.382601	0	161	8.3	0.180939	26.1	102183
890	303.478720	0	148	7.0	0.181111	26.1	102181
891	304.809620	0	811	67.5	0.181331	26.1	102181
892	304.895209	0	195	11.7	0.181588	26.1	102181
893	305.846946	0	173	9.5	0.181802	26.1	102180
894	305.918206	0	174	9.6	0.182008	26.1	102184
895	305.940378	0	322	23.4	0.182214	26.1	102184
896	306.782280	0	368	27.5	0.182412	26.1	102183
897	307.725542	0	174	9.6	0.182613	26.1	102181
898	307.796024	0	287	20.4	0.182817	26.1	102181
899	307.798783	0	441	34.0	0.183012	26.1	102181
900	307.859030	0	444	34.3	0.183188	26.1	102181
901	308.533805	0	394	29.8	0.183390	26.1	102181
902	308.640331	0	251	17.1	0.183591	26.1	102181
903	309.144024	0	164	8.6	0.183792	26.1	102180
904	309.403803	0	171	9.3	0.183990	26.1	102180
905	309.455916	0	232	15.3	0.184197	26.1	102180
906	309.742105	0	893	75.2	0.184391	26.1	102180
907	310.642022	0	243	16.4	0.184587	26.1	102179
908	311.634538	1	1761	147.8	0.184792	26.1	102183
909	311.652809	0	156	7.8	0.184994	26.1	102183
910	312.311894	0	527	41.9	0.185196	26.1	102181
911	312.558600	0	531	42.3	0.185394	26.1	102181
912	313.393640	0	152	7.4	0.185598	26.1	102181
913	313.901267	0	1477	124.6	0.185801	26.1	102181
914	314.009068	0	196	11.8	0.186020	26.1	102181
915	314.564427	0	226	14.7	0.186284	26.1	102180
916	314.733214	0	212	13.3	0.186505	26.1	102180
917	315.821143	0	202	12.4	0.186709	26.1	102180
918	315.837062	0	153	7.5	0.186914	26.1	102180
919	316.043466	0	154	7.6	0.187115	26.1	102179
920	317.056114	0	357	26.5	0.187312	26.1	102179
921	317.248972	0	208	13.0	0.187513	26.1	102179
922	317.790203	0	273	19.1	0.187713	26.1	102185
923	317.836747	0	174	9.6	0.187922	26.1	102185
924	318.130596	0	1344	113.5	0.188119	26.1	102185
925	318.670729	1	865	72.6	0.188332	26.1	102185
926	319.295107	0	2149	178.4	0.188540	26.2	102185
927	319.741278	0	177	9.9	0.188746	26.2	102185
928	319.815206	0	238	15.9	0.188953	26.2	102185
929	319.874952	0	196	11.8	0.189152	26.2	102185
930	319.906019	0	148	7.0	0.189352	26.2	102185
931	319.923852	0	540	43.2	0.189554	26.2	102185
932	320.208397	0	452	35.0	0.189730	26.2	102185
933	320.503331	0	354	26.2	0.189933	26.2	102185
934	320.568130	0	364	27.1	0.190134	26.2	102185
935	320.883226	0	203	12.5	0.190339	26.2	102185
936	320.976496	0	276	19.4	0.190542	26.2	102185
937	321.009911	0	334	24.5	0.190740	26.2	102185
938	321.164256	0	171	9.3	0.190947	26.2	102185
939	321.247735	0	339	24.9	0.191149	26.2	102185
940	321.382411	0	149	7.1	0.191350	26.2	102185
941	321.664458	0	2379	197.1	0.191550	26.2	102185
942	321.872117	0	840	70.3	0.191756	26.2	102184
943	322.623707	0	157	7.9	0.191957	26.2	102184
944	323.386948	0	179	10.1	0.192154	26.2	102187
945	323.492921	1	1296	109.5	0.192363	26.2	102187
946	323.604360	0	204	12.6	0.192570	26.2	102187
947	324.044372	0	1087	92.0	0.192781	26.2	102187
948	324.130564	0	495	38.9	0.193007	26.2	102187
949	324.634978	0	938	79.4	0.193263	26.2	102187
950	324.803996	0	171	9.3	0.193477	26.2	102186
951	325.473757	0	354	26.2	0.193670	26.2	102186
952	325.744507	0	323	23.5	0.193877	26.2	102186
953	326.293068	0	201	12.3	0.194090	26.2	102186
954	326.408782	0	372	27.8	0.194291	26.2	102186
955	326.714731	0	218	13.9	0.194493	26.2	102186
956	326.926645	0	172	9.4	0.194719	26.2	102186
957	329.019426	0	163	8.5	0.194924	26.2	102185
958	329.065865	0	283	20.1	0.195126	26.2	102188
959	329.092215	0	329	24.1	0.195326	26.2	102188
960	330.672278	0	291	20.8	0.195529	26.2	102187
961	330.869766	0	500	39.4	0.195727	26.2	102187
962	330.894549	0	169	9.1	0.195933	26.2	102187
963	331.504778	0	190	11.2	0.196105	26.2	102186
964	331.648895	0	201	12.3	0.196306	26.2	102186
965	331.970109	0	393	29.7	0.196511	26.2	102186
966	332.222373	0	377	28.3	0.196740	26.2	102186
967	332.370033	0	149	7.1	0.196942	26.2	102186
968	333.142600	0	217	13.8	0.197140	26.2	102185
969	333.146889	0	153	7.5	0.197348	26.2	102185
970	333.206268	0	165	8.7	0.197522	26.2	102185
971	334.025186	0	987	83.6	0.197718	26.2	102185
972	334.457579	0	324	23.6	0.197918	26.2	102187
973	334.849290	0	161	8.3	0.198144	26.2	102187
974	335.831115	0	315	22.8	0.198395	26.2	102186
975	336.264025	0	165	8.7	0.198604	26.2	102186
976	336.357235	0	235	15.6	0.198810	26.2	102186
977	336.694461	0	372	27.8	0.199008	26.2	102186
978	337.126514	0	1174	99.3	0.199211	26.2	102186
979	337.561563	0	318	23.1	0.199411	26.2	102186
980	337.566870	0	488	38.3	0.199623	26.2	102186
981	337.750973	0	978	82.9	0.199815	26.2	102186
982	338.008615	0	224	14.5	0.200022	26.2	102186
983	338.048471	0	354	26.2	0.200223	26.2	102186
984	338.508369	0	179	10.1	0.200420	26.2	102185
985	338.542236	0	1797	150.6	0.200616	26.2	102185
986	338.566000	1	770	63.7	0.200825	26.2	102185
987	339.027778	1	170	9.2	0.201030	26.2	102185
988	339.038264	0	168	9.0	0.201230	26.2	102185
989	339.423294	0	307	22.1	0.201427	26.2	102185
990	340.096672	0	316	22.9	0.201628	26.2	102185
991	340.526983	0	641	52.5	0.201824	26.2	102184
992	340.550197	0	207	12.9	0.202022	26.2	102184
993	341.730642	0	159	8.1	0.202223	26.2	102186
994	342.350804	0	253	17.3	0.202421	26.2	102186
995	342.377864	1	1869	156.3	0.202633	26.2	102186
996	342.510268	1	1819	152.4	0.202849	26.2	102186
997	342.628472	0	157	7.9	0.203051	26.2	102186
998	343.255978	0	453	35.1	0.203266	26.2	102185
999	343.463604	0	270	18.9	0.203461	26.2	102185
1000	344.144583	0	161	8.3	0.203665	26.2	102185
1001	344.594348	1	1762	147.9	0.203872	26.2	102185
1002	345.069265	0	189	11.1	0.204097	26.2	102184
1003	345.140278	0	337	24.8	0.204342	26.2	102184
1004	345.520801	0	146	6.8	0.204556	26.2	102184
1005	345.717279	0	313	22.7	0.204759	26.2	102184
1006	346.016934	0	162	8.4	0.204961	26.2	102184
1007	346.850543	0	186	10.8	0.205161	26.2	102184
1008	347.451719	1	1332	112.5	0.205371	26.2	102183
1009	347.468317	0	678	55.6	0.205576	26.2	102183
1010	347.976546	0	265	18.4	0.205783	26.2	102186
1011	348.514258	1	1003	85.0	0.205999	26.2	102186
1012	348.680093	0	597	48.6	0.206203	26.2	102186
1013	348.870247	0	835	69.8	0.206410	26.2	102186
1014	348.942039	0	1242	105.0	0.206615	26.2	102186
1015	349.041292	0	569	45.9	0.206820	26.2	102186
1016	349.510429	1	2249	186.5	0.207038	26.2	102185
1017	349.889588	0	834	69.7	0.207235	26.2	102185
1018	350.653380	1	661	54.1	0.207442	26.2	102185
1019	351.026476	0	168	9.0	0.207652	26.2	102185
1020	351.064425	0	516	40.9	0.207850	26.2	102185
1021	351.257008	1	915	77.3	0.208060	26.2	102185
1022	351.554189	0	150	7.2	0.208265	26.2	102185
1023	351.632918	0	1826	152.9	0.208455	26.2	102185
1024	352.019094	0	2451	203.0	0.208663	26.3	102184
1025	352.053315	0	288	20.5	0.208867	26.3	102184
1026	352.226778	0	326	23.8	0.209065	26.3	102184
1027	352.377589	1	1131	95.7	0.209271	26.3	102184
1028	352.906880	0	179	10.1	0.209478	26.3	102184
1029	352.998202	0	478	37.4	0.209682	26.3	102184
1030	353.031059	0	184	10.6	0.209889	26.3	102184
1031	353.035778	1	1089	92.2	0.210105	26.3	102184
1032	353.059136	0	156	7.8	0.210306	26.3	102184
1033	353.194480	0	186	10.8	0.210488	26.3	102184
1034	353.311427	0	196	11.8	0.210691	26.3	102184
1035	353.670212	0	196	11.8	0.210891	26.3	102184
1036	354.083052	0	180	10.2	0.211090	26.3	102184
1037	354.118629	0	161	8.3	0.211292	26.3	102184
1038	354.345448	0	173	9.5	0.211493	26.3	102183
1039	354.801506	0	177	9.9	0.211694	26.3	102183
1040	355.408789	0	203	12.5	0.211914	26.3	102183
1041	355.472757	0	187	10.9	0.212168	26.3	102183
1042	355.827905	1	880	74.0	0.212397	26.3	102186
1043	356.000314	1	1150	97.3	0.212612	26.3	102186
1044	356.247091	0	1152	97.5	0.212817	26.3	102185
1045	356.789897	0	360	26.8	0.213028	26.3	102185
1046	356.817633	0	344	25.4	0.213233	26.3	102185
1047	357.417126	0	284	20.2	0.213442	26.3	102185
1048	358.073101	1	1569	132.2	0.213647	26.3	102184
1049	358.535979	0	176	9.8	0.213857	26.3	102184
1050	358.537153	0	355	26.3	0.214062	26.3	102184
1051	358.663942	0	405	30.8	0.214236	26.3	102184
1052	359.412178	0	531	42.3	0.214444	26.3	102184
1053	359.817626	0	2006	167.1	0.214644	26.3	102183
1054	360.087732	0	2940	248.3	0.214847	26.3	102183
1055	360.144062	0	186	10.8	0.215055	26.3	102183
1056	360.527202	0	160	8.2	0.215256	26.3	102183
1057	360.914903	0	206	12.8	0.215457	26.3	102183
1058	361.130452	0	416	31.8	0.215662	26.3	102183
1059	361.156883	0	187	10.9	0.215876	26.3	102183
1060	361.182427	0	337	24.8	0.216065	26.3	102183
1061	361.521600	1	965	81.8	0.216272	26.3	102183
1062	361.983404	0	152	7.4	0.216482	26.3	102181
1063	362.435161	0	257	17.7	0.216681	26.3	102181
1064	363.504397	0	173	9.5	0.216881	26.3	102184
1065	364.706182	0	178	10.0	0.217089	26.3	102184
1066	364.975878	0	168	9.0	0.217290	26.3	102184
1067	365.406073	0	148	7.0	0.217519	26.3	102184
1068	366.003074	0	171	9.3	0.217776	26.3	102183
1069	366.322905	0	1184	100.2	0.217979	26.3	102183
1070	366.375505	0	269	18.8	0.218183	26.3	102183
1071	366.822771	0	162	8.4	0.218382	26.3	102183
1072	366.940976	0	203	12.5	0.218586	26.3	102183
1073	367.012653	0	216	13.7	0.218791	26.3	102183
1074	367.047180	0	165	8.7	0.218997	26.3	102183
1075	367.089964	0	178	10.0	0.219198	26.3	102183
1076	367.169587	0	182	10.4	0.219399	26.3	102183
1077	367.332540	0	837	70.0	0.219600	26.3	102183
1078	368.059212	0	183	10.5	0.219808	26.3	102183
1079	368.383838	0	585	47.5	0.220011	26.3	102183
1080	368.879860	0	161	8.3	0.220213	26.3	102181
1081	369.486327	0	243	16.4	0.220420	26.3	102181
1082	369.496852	0	314	22.8	0.220622	26.3	102181
1083	369.582398	0	213	13.4	0.220853	26.3	102181
1084	369.871250	1	219	14.0	0.221073	26.3	102181
1085	370.075043	0	156	7.8	0.221279	26.3	102181
1086	370.393310	0	294	21.0	0.221474	26.3	102181
1087	370.481258	0	652	53.4	0.221669	26.3	102181
1088	371.051264	0	228	14.9	0.221873	26.3	102187
1089	371.145087	0	470	36.7	0.222084	26.3	102187
1090	371.197084	0	154	7.6	0.222281	26.3	102187
1091	371.284865	0	179	10.1	0.222486	26.3	102187
1092	371.839582	0	301	21.6	0.222688	26.3	102187
1093	372.003650	0	234	15.5	0.222892	26.3	102187
1094	372.068084	1	958	81.2	0.223101	26.3	102187
1095	372.503695	0	305	22.0	0.223311	26.3	102187
1096	372.883740	0	227	14.8	0.223515	26.3	102186
1097	373.212313	0	548	43.9	0.223718	26.3	102186
1098	373.394549	0	340	25.0	0.223922	26.3	102186
1099	374.209189	0	161	8.3	0.224127	26.3	102186
1100	375.303861	0	234	15.5	0.224329	26.3	102185
1101	375.528858	0	192	11.4	0.224546	26.3	102185
1102	375.925561	1	732	60.1	0.224813	26.3	102185
1103	375.926918	1	2576	213.2	0.225032	26.3	102185
1104	375.930150	0	268	18.7	0.225206	26.3	102185
1105	376.160419	0	230	15.1	0.225376	26.3	102185
1106	376.815528	1	625	51.1	0.225587	26.3	102185
1107	377.155808	0	158	8.0	0.225792	26.3	102185
1108	377.241133	0	154	7.6	0.225994	26.3	102185
1109	377.344006	0	473	36.9	0.226192	26.3	102185
1110	377.565415	0	569	45.9	0.226393	26.3	102185
1111	378.170183	0	150	7.2	0.226594	26.3	102184
1112	378.524948	0	203	12.5	0.226797	26.3	102184
1113	378.581808	0	216	13.7	0.227004	26.3	102184
1114	378.998924	0	148	7.0	0.227211	26.3	102187
1115	379.555837	0	508	40.1	0.227411	26.3	102186
1116	379.584967	0	349	25.8	0.227612	26.3	102186
1117	379.666428	0	182	10.4	0.227820	26.3	102186
1118	380.349627	0	299	21.5	0.228024	26.3	102186
1119	380.907247	0	474	37.0	0.228232	26.3	102186
1120	382.271117	0	205	12.7	0.228436	26.3	102185
1121	382.302236	0	785	65.1	0.228639	26.3	102185
1122	383.046372	0	156	7.8	0.228839	26.3	102185
1123	383.084566	0	313	22.7	0.229044	26.3	102185
1124	383.105467	0	249	16.9	0.229250	26.3	102185
1125	383.165435	0	278	19.6	0.229453	26.3	102185
1126	383.371208	0	262	18.1	0.229659	26.3	102184
1127	383.560740	0	292	20.8	0.229866	26.3	102184
1128	383.863490	0	825	68.8	0.230076	26.3	102184
1129	384.211570	0	186	10.8	0.230283	26.3	102184
1130	384.377942	0	147	6.9	0.230486	26.3	102184
1131	384.510568	0	187	10.9	0.230687	26.3	102184
1132	384.520452	1	1528	128.8	0.230899	26.3	102184
1133	384.874189	0	194	11.6	0.231105	26.3	102184
1134	385.022556	0	270	18.9	0.231310	26.3	102184
1135	385.104548	0	150	7.2	0.231510	26.3	102184
1136	385.118934	0	1028	87.1	0.231714	26.3	102184
1137	385.367789	0	265	18.4	0.231928	26.3	102184
1138	386.071332	0	155	7.7	0.232152	26.3	102186
1139	386.267585	0	752	62.0	0.232402	26.3	102186
1140	386.301651	0	159	8.1	0.232611	26.3	102186
1141	386.754222	0	147	6.9	0.232812	26.4	102186
1142	386.778395	0	200	12.2	0.233015	26.4	102186
1143	387.539800	0	904	76.3	0.233203	26.4	102186
1144	387.547051	0	203	12.5	0.233412	26.4	102185
1145	387.908896	0	292	20.8	0.233622	26.4	102185
1146	388.183792	0	202	12.4	0.233823	26.4	102185
1147	388.438847	0	162	8.4	0.234025	26.4	102185
1148	388.731005	0	176	9.8	0.234229	26.4	102185
1149	388.890662	0	1179	99.7	0.234444	26.4	102185
1150	388.948541	0	186	10.8	0.234652	26.4	102185
1151	389.351108	0	216	13.7	0.234852	26.4	102185
1152	389.416707	0	189	11.1	0.235058	26.4	102185
1153	389.877942	0	264	18.3	0.235258	26.4	102185
1154	390.428378	0	360	26.8	0.235460	26.4	102184
1155	390.589673	0	149	7.1	0.235668	26.4	102184
1156	390.738019	0	203	12.5	0.235867	26.4	102184
1157	390.934657	0	256	17.6	0.236090	26.4	102184
1158	391.185529	1	569	45.9	0.236295	26.4	102184
1159	391.439095	0	160	8.2	0.236498	26.4	102184
1160	391.787966	0	921	77.9	0.236705	26.4	102184
1161	392.385897	0	154	7.6	0.236908	26.4	102184
1162	393.065551	0	333	24.4	0.237107	26.4	102184
1163	393.250358	0	200	12.2	0.237313	26.4	102184
1164	393.734757	0	888	74.8	0.237518	26.4	102183
1165	394.595353	0	203	12.5	0.237736	26.4	102186
1166	394.754854	0	155	7.7	0.237933	26.4	102186
1167	394.845731	0	409	31.1	0.238137	26.4	102186
1168	394.880048	1	580	47.0	0.238348	26.4	102186
1169	395.555205	0	201	12.3	0.238552	26.4	102186
1170	395.979516	0	228	14.9	0.238778	26.4	102185
1171	396.772517	0	172	9.4	0.239036	26.4	102185
1172	396.944640	0	1230	104.0	0.239248	26.4	102185
1173	397.115051	0	154	7.6	0.239449	26.4	102185
1174	397.359351	0	171	9.3	0.239650	26.4	102184
1175	397.607606	0	171	9.3	0.239848	26.4	102184
1176	398.267828	0	218	13.9	0.240043	26.4	102184
1177	398.798813	0	1542	130.0	0.240250	26.4	102184
1178	398.811798	0	163	8.5	0.240449	26.4	102184
1179	399.012691	0	344	25.4	0.240623	26.4	102184
1180	399.040102	0	149	7.1	0.240825	26.4	102184
1181	399.139835	1	199	12.1	0.241039	26.4	102184
1182	399.265957	0	147	6.9	0.241239	26.4	102184
1183	399.482092	0	587	47.6	0.241440	26.4	102184
1184	399.632772	0	157	7.9	0.241649	26.4	102184
1185	399.837745	0	287	20.4	0.241854	26.4	102184
1186	399.923075	0	470	36.7	0.242057	26.4	102184
1187	401.473098	0	265	18.4	0.242261	26.4	102183
1188	401.693015	0	1049	88.8	0.242463	26.4	102186
1189	401.944386	0	204	12.6	0.242665	26.4	102186
1190	402.328706	1	866	72.7	0.242877	26.4	102186
1191	402.855427	0	269	18.8	0.243081	26.4	102186
1192	402.942610	0	357	26.5	0.243286	26.4	102186
1193	403.259109	0	201	12.3	0.243488	26.4	102186
1194	404.658004	0	3423	293.9	0.243695	26.4	102185
1195	404.866414	0	154	7.6	0.243901	26.4	102185
1196	405.657585	1	1011	85.6	0.244109	26.4	102185
1197	405.752244	0	1410	119.0	0.244345	26.4	102185
1198	406.547137	0	233	15.4	0.244614	26.4	102184
1199	406.556055	0	374	28.0	0.244856	26.4	102184
1200	407.076973	0	317	23.0	0.245054	26.4	102184
1201	407.750910	0	258	17.8	0.245258	26.4	102184
1202	408.260359	0	298	21.4	0.245459	26.4	102184
1203	408.944539	1	801	66.6	0.245671	26.4	102184
1204	409.585947	0	277	19.5	0.245875	26.4	102184
1205	409.717008	0	197	11.9	0.246081	26.4	102184
1206	410.171856	0	262	18.1	0.246279	26.4	102184
1207	410.243353	0	150	7.2	0.246479	26.4	102183
1208	410.557180	0	165	8.7	0.246678	26.4	102183
1209	411.501960	0	909	76.7	0.246879	26.4	102186
1210	411.895660	0	490	38.5	0.247076	26.4	102185
1211	412.540901	0	273	19.1	0.247283	26.4	102185
1212	412.758716	0	737	60.6	0.247503	26.4	102185
1213	412.925749	0	277	19.5	0.247703	26.4	102185
1214	413.204626	0	541	43.3	0.247902	26.4	102185
1215	413.396633	0	296	21.2	0.248109	26.4	102185
1216	414.265373	0	225	14.6	0.248310	26.4	102184
1217	415.127293	0	152	7.4	0.248517	26.4	102184
1218	415.174008	1	828	69.1	0.248729	26.4	102184
1219	415.494970	0	206	12.8	0.248926	26.4	102184
1220	416.226155	0	1958	163.3	0.249134	26.4	102183
1221	417.257975	1	784	65.0	0.249374	26.4	102183
1222	417.457020	0	175	9.7	0.249636	26.4	102183
1223	418.580520	0	1069	90.5	0.249845	26.4	102186
1224	418.599242	0	158	8.0	0.250054	26.4	102186
1225	419.561121	0	740	60.9	0.250252	26.4	102185
1226	419.588584	1	747	61.5	0.250466	26.4	102185
1227	419.712166	0	626	51.2	0.250670	26.4	102185
1228	420.484092	0	586	47.5	0.250872	26.4	102184
1229	420.600377	0	216	13.7	0.251114	26.4	102184
1230	421.503644	0	697	57.2	0.251314	26.4	102184
1231	422.414197	0	180	10.2	0.251523	26.4	102184
1232	422.508528	0	164	8.6	0.251724	26.4	102184
1233	423.482844	0	210	13.1	0.251928	26.4	102183
1234	423.740322	0	477	37.3	0.252135	26.4	102183
1235	424.045763	0	2504	207.4	0.252338	26.4	102183
1236	424.178986	0	158	8.0	0.252550	26.4	102183
1237	424.365060	0	694	56.9	0.252754	26.4	102183
1238	424.898558	0	156	7.8	0.252953	26.4	102183
1239	425.269965	0	251	17.1	0.253157	26.4	102183
1240	425.829836	0	2115	175.7	0.253362	26.4	102183
1241	426.112139	1	988	83.7	0.253573	26.4	102183
1242	426.679421	0	224	14.5	0.253776	26.4	102181
1243	426.921970	0	187	10.9	0.254003	26.4	102181
1244	427.211757	0	834	69.7	0.254263	26.4	102181
1245	427.563138	0	431	33.1	0.254480	26.4	102181
1246	427.946912	0	156	7.8	0.254686	26.4	102187
1247	429.080191	0	196	11.8	0.254896	26.5	102187
1248	429.102188	0	191	11.3	0.255095	26.5	102187
1249	429.393264	0	209	13.1	0.255316	26.5	102187
1250	429.905596	0	257	17.7	0.255518	26.5	102187
1251	430.083051	0	189	11.1	0.255727	26.5	102187
1252	430.101719	0	191	11.3	0.255930	26.5	102187
1253	430.407221	0	148	7.0	0.256136	26.5	102187
1254	430.503079	0	156	7.8	0.256337	26.5	102187
1255	430.809040	0	380	28.5	0.256547	26.5	102186
1256	431.735805	0	261	18.0	0.256753	26.5	102186
1257	431.782289	0	216	13.7	0.256955	26.5	102186
1258	432.287215	0	782	64.8	0.257155	26.5	102186
1259	432.824390	0	181	10.3	0.257362	26.5	102186
1260	433.318628	0	222	14.3	0.257568	26.5	102185
1261	433.337820	0	193	11.5	0.257768	26.5	102185
1262	434.112560	0	231	15.2	0.257946	26.5	102185
1263	434.240461	0	833	69.6	0.258155	26.5	102185
1264	434.289351	0	346	25.5	0.258363	26.5	102185
1265	435.933510	0	322	23.4	0.258566	26.5	102184
1266	436.276420	0	192	11.4	0.258778	26.5	102184
1267	436.348049	0	481	37.7	0.258978	26.5	102183
1268	436.447650	0	182	10.4	0.259180	26.5	102183
1269	436.992013	0	334	24.5	0.259385	26.5	102186
1270	437.368975	0	202	12.4	0.259608	26.5	102186
1271	437.370415	0	201	12.3	0.259868	26.5	102186
1272	438.427831	0	2270	188.2	0.260062	26.5	102185
1273	438.565696	0	361	26.9	0.260311	26.5	102185
1274	438.673663	0	162	8.4	0.260516	26.5	102185
1275	438.858663	0	266	18.5	0.260720	26.5	102185
1276	439.230408	0	368	27.5	0.260919	26.5	102185
1277	439.373359	0	816	68.0	0.261124	26.5	102185
1278	439.571917	0	163	8.5	0.261325	26.5	102185
1279	439.659645	0	153	7.5	0.261527	26.5	102185
1280	439.795545	0	156	7.8	0.261732	26.5	102185
1281	440.347019	0	856	71.8	0.261936	26.5	102185
1282	440.400506	0	1258	106.3	0.262139	26.5	102185
1283	440.417998	0	149	7.1	0.262343	26.5	102185
1284	440.542927	0	165	8.7	0.262545	26.5	102185
1285	440.741400	0	345	25.5	0.262747	26.5	102184
1286	441.152421	0	434	33.4	0.262952	26.5	102184
1287	441.254196	0	187	10.9	0.263161	26.5	102184
1288	442.354803	1	883	74.3	0.263371	26.5	102184
1289	442.512567	0	397	30.0	0.263577	26.5	102184
1290	444.697656	0	165	8.7	0.263778	26.5	102183
1291	445.532155	0	257	17.7	0.263976	26.5	102186
1292	445.854112	0	170	9.2	0.264181	26.5	102186
1293	446.300081	0	213	13.4	0.264379	26.5	102186
1294	446.607250	0	821	68.5	0.264578	26.5	102186
1295	446.608784	0	171	9.3	0.264782	26.5	102186
1296	446.955690	0	238	15.9	0.264958	26.5	102186
1297	447.059768	0	604	49.3	0.265160	26.5	102186
1298	448.814433	0	237	15.8	0.265383	26.5	102185
1299	449.116723	0	313	22.7	0.265642	26.5	102185
1300	449.385936	0	827	69.0	0.265852	26.5	102185
1301	449.820403	0	259	17.8	0.266062	26.5	102185
1302	450.127580	0	262	18.1	0.266275	26.5	102184
1303	450.923898	0	525	41.7	0.266476	26.5	102184
1304	451.156845	1	734	60.3	0.266688	26.5	102184
1305	451.761408	0	256	17.6	0.266896	26.5	102184
1306	452.497766	0	156	7.8	0.267105	26.5	102184
1307	452.955118	0	155	7.7	0.267310	26.5	102184
1308	453.050080	0	208	13.0	0.267511	26.5	102184
1309	453.095826	0	189	11.1	0.267716	26.5	102184
1310	453.172726	0	1443	121.7	0.267914	26.5	102184
1311	453.179685	0	1439	121.4	0.268122	26.5	102184
1312	453.400391	0	334	24.5	0.268294	26.5	102184
1313	453.459727	0	170	9.2	0.268500	26.5	102184
1314	453.591811	0	334	24.5	0.268706	26.5	102184
1315	454.277315	0	331	24.2	0.268905	26.5	102183
1316	454.320803	0	217	13.8	0.269107	26.5	102183
1317	455.423130	0	146	6.8	0.269316	26.5	102185
1318	455.646206	0	147	6.9	0.269536	26.5	102185
1319	456.465346	0	170	9.2	0.269740	26.5	102185
1320	456.663830	0	668	54.7	0.269940	26.5	102185
1321	456.949678	0	306	22.1	0.270145	26.5	102185
1322	457.319274	0	164	8.6	0.270364	26.5	102184
1323	457.733139	0	619	50.6	0.270582	26.5	102184
1324	458.061713	0	159	8.1	0.270831	26.5	102184
1325	458.181347	0	217	13.8	0.271041	26.5	102184
1326	459.179977	0	438	33.8	0.271253	26.5	102184
1327	459.553541	0	257	17.7	0.271468	26.5	102184
1328	459.708470	0	154	7.6	0.271675	26.5	102184
1329	459.840409	0	150	7.2	0.271876	26.5	102184
1330	460.295119	0	165	8.7	0.272073	26.5	102183
1331	460.320427	0	1012	85.7	0.272277	26.5	102183
1332	460.413437	0	159	8.1	0.272475	26.5	102183
1333	460.703748	0	194	11.6	0.272670	26.5	102183
1334	461.094882	0	387	29.2	0.272868	26.5	102183
1335	461.360564	0	543	43.4	0.273071	26.5	102183
1336	461.829430	0	175	9.7	0.273274	26.5	102185
1337	461.884656	0	941	79.7	0.273479	26.5	102185
1338	462.204150	0	244	16.5	0.273680	26.5	102185
1339	462.414160	0	176	9.8	0.273884	26.5	102185
1340	462.523424	0	186	10.8	0.274084	26.5	102185
1341	462.558888	0	217	13.8	0.274285	26.5	102185
1342	462.945777	0	669	54.8	0.274493	26.5	102184
1343	463.107152	0	254	17.4	0.274696	26.5	102184
1344	464.158812	0	157	7.9	0.274890	26.5	102184
1345	466.132226	0	284	20.2	0.275089	26.5	102183
1346	466.293595	0	1005	85.1	0.275293	26.5	102181
1347	467.138602	0	395	29.9	0.275492	26.5	102181
1348	467.170578	0	776	64.2	0.275691	26.5	102181
1349	467.184406	0	164	8.6	0.275894	26.5	102181
1350	467.258811	0	156	7.8	0.276100	26.5	102181
1351	468.228760	0	166	8.8	0.276301	26.5	102181
1352	469.174483	0	437	33.7	0.276525	26.5	102181
1353	469.532858	0	1713	144.0	0.276785	26.5	102181
1354	470.329352	0	320	23.3	0.276997	26.5	102185
1355	470.522142	0	209	13.1	0.277205	26.5	102185
1356	470.757758	0	164	8.6	0.277415	26.5	102185
1357	471.494121	0	585	47.5	0.277610	26.5	102185
1358	472.198319	0	255	17.5	0.277811	26.5	102184
1359	472.447103	0	148	7.0	0.278025	26.5	102184
1360	472.794389	1	1099	93.0	0.278238	26.5	102184
1361	473.180349	0	233	15.4	0.278438	26.5	102183
1362	473.219622	0	465	36.2	0.278644	26.5	102183
1363	474.160999	0	154	7.6	0.278844	26.5	102183
1364	474.336654	0	186	10.8	0.279052	26.5	102183
1365	474.649988	0	159	8.1	0.279271	26.5	102181
1366	474.774800	0	245	16.6	0.279476	26.5	102181
1367	475.342070	0	306	22.1	0.279681	26.5	102181
1368	475.709786	1	1026	86.9	0.279893	26.5	102180
1369	475.968877	0	273	19.1	0.280099	26.5	102180
1370	476.657467	0	861	72.2	0.280296	26.5	102180
1371	476.727523	0	146	6.8	0.280500	26.5	102180
1372	477.199504	0	190	11.2	0.280701	26.5	102180
1373	477.590993	0	422	32.3	0.280901	26.6	102179
1374	477.963922	0	175	9.7	0.281103	26.6	102179
1375	477.992222	0	780	64.6	0.281300	26.6	102179
1376	478.051940	0	211	13.2	0.281508	26.6	102179
1377	478.227578	1	853	71.5	0.281723	26.6	102179
1378	478.949683	0	192	11.4	0.281927	26.6	102183
1379	479.013059	0	329	24.1	0.282144	26.6	102183
1380	479.415292	0	170	9.2	0.282406	26.6	102181
1381	479.609755	0	487	38.2	0.282620	26.6	102181
1382	479.811518	0	268	18.7	0.282824	26.6	102181
1383	481.322492	1	3345	286.7	0.283037	26.6	102180
1384	481.867243	0	348	25.7	0.283251	26.6	102180
1385	482.296887	0	211	13.2	0.283449	26.6	102180
1386	482.453862	0	212	13.3	0.283651	26.6	102180
1387	482.507022	1	1913	159.8	0.283861	26.6	102180
1388	482.589054	0	457	35.5	0.284075	26.6	102180
1389	482.696406	0	3247	279.1	0.284278	26.6	102180
1390	482.975374	0	482	37.7	0.284478	26.6	102180
1391	483.089534	0	385	29.0	0.284682	26.6	102180
1392	483.165373	0	216	13.7	0.284890	26.6	102180
1393	483.347852	0	153	7.5	0.285096	26.6	102179
1394	483.508032	0	164	8.6	0.285293	26.6	102179
1395	483.646362	0	461	35.8	0.285499	26.6	102179
1396	483.789374	0	154	7.6	0.285698	26.6	102179
1397	483.844339	0	312	22.6	0.285901	26.6	102179
1398	484.252542	0	268	18.7	0.286101	26.6	102179
1399	484.311026	0	286	20.3	0.286306	26.6	102179
1400	484.569631	0	215	13.6	0.286510	26.6	102179
1401	484.602615	0	192	11.4	0.286708	26.6	102179
1402	485.336068	0	296	21.2	0.286934	26.6	102178
1403	485.559651	0	938	79.4	0.287139	26.6	102178
1404	485.683276	0	1432	120.8	0.287340	26.6	102178
1405	486.018015	0	153	7.5	0.287545	26.6	102178
1406	486.044289	0	2438	202.0	0.287756	26.6	102178
1407	486.137138	0	150	7.2	0.287945	26.6	102178
1408	486.889352	0	261	18.0	0.288144	26.6	102178
1409	486.935571	0	365	27.2	0.288339	26.6	102178
1410	487.072967	0	154	7.6	0.288538	26.6	102178
1411	487.232696	0	149	7.1	0.288738	26.6	102178
1412	487.481129	0	1064	90.1	0.288946	26.6	102178
1413	488.268316	0	548	43.9	0.289149	26.6	102180
1414	488.470942	0	363	27.0	0.289354	26.6	102180
1415	490.304153	0	154	7.6	0.289558	26.6	102179
1416	490.375534	0	208	13.0	0.289781	26.6	102179
1417	491.064736	0	280	19.8	0.290058	26.6	102179
1418	491.354421	0	1858	155.4	0.290269	26.6	102179
1419	491.420454	0	325	23.7	0.290481	26.6	102179
1420	491.768783	0	1312	110.8	0.290683	26.6	102179
1421	492.949820	0	286	20.3	0.290893	26.6	102178
1422	493.353690	0	194	11.6	0.291100	26.6	102178
1423	493.468731	0	225	14.6	0.291307	26.6	102178
1424	493.962993	1	760	62.7	0.291515	26.6	102178
1425	494.714525	0	155	7.7	0.291715	26.6	102178
1426	495.155955	0	531	42.3	0.291915	26.6	102178
1427	495.299838	0	787	65.3	0.292127	26.6	102178
1428	495.549179	1	1000	84.7	0.292346	26.6	102178
1429	495.923098	0	156	7.8	0.292548	26.6	102177
1430	496.242003	0	177	9.9	0.292750	26.6	102183
1431	496.892159	0	432	33.2	0.292954	26.6	102181
1432	496.961910	1	714	58.6	0.293164	26.6	102181
1433	497.418774	0	805	67.0	0.293361	26.6	102181
1434	497.508021	0	185	10.7	0.293577	26.6	102181
1435	497.676907	0	172	9.4	0.293783	26.6	102181
1436	498.226772	0	187	10.9	0.293980	26.6	102180
1437	498.227792	0	689	56.5	0.294185	26.6	102180
1438	498.419528	0	181	10.3	0.294360	26.6	102180
1439	498.569963	0	149	7.1	0.294565	26.6	102180
1440	498.695542	0	249	16.9	0.294776	26.6	102180
1441	499.551046	0	158	8.0	0.294983	26.6	102180
1442	499.675945	0	681	55.8	0.295183	26.6	102180
1443	500.064995	0	147	6.9	0.295383	26.6	102180
1444	500.109864	0	177	9.9	0.295587	26.6	102180
1445	500.214534	0	858	71.9	0.295793	26.6	102180
1446	500.321388	0	354	26.2	0.295998	26.6	102180
1447	500.465903	0	276	19.4	0.296223	26.6	102180
1448	501.099155	0	186	10.8	0.296482	26.6	102179
1449	501.350257	0	258	17.8	0.296700	26.6	102179
1450	501.417747	0	531	42.3	0.296911	26.6	102179
1451	502.313459	0	268	18.7	0.297117	26.6	102179
1452	502.544396	0	205	12.7	0.297327	26.6	102179
1453	504.435539	0	496	39.0	0.297527	26.6	102178
1454	504.527766	0	373	27.9	0.297727	26.6	102178
1455	504.829380	0	177	9.9	0.297941	26.6	102178
1456	504.873832	0	833	69.6	0.298140	26.6	102178
1457	505.266002	0	867	72.8	0.298346	26.6	102178
1458	505.322578	0	149	7.1	0.298546	26.6	102178
1459	505.352973	0	196	11.8	0.298750	26.6	102178
1460	506.486294	0	989	83.8	0.298956	26.6	102181
1461	507.468431	0	146	6.8	0.299163	26.6	102181
1462	507.942395	0	554	44.5	0.299378	26.6	102180
1463	508.075140	1	1796	150.6	0.299592	26.6	102180
1464	508.075940	0	248	16.8	0.299792	26.6	102180
1465	508.134885	0	528	42.0	0.299963	26.6	102180
1466	509.192894	0	190	11.2	0.300161	26.6	102180
1467	509.291952	0	848	71.0	0.300362	26.6	102180
1468	509.331112	0	153	7.5	0.300561	26.6	102180
1469	509.580113	0	475	37.1	0.300767	26.6	102180
1470	510.007628	0	827	69.0	0.300972	26.6	102180
1471	510.248110	0	179	10.1	0.301171	26.6	102180
1472	511.377347	0	171	9.3	0.301379	26.6	102179
1473	511.714537	0	460	35.8	0.301601	26.6	102179
1474	511.754066	0	161	8.3	0.301852	26.6	102179
1475	511.962524	0	169	9.1	0.302065	26.6	102179
1476	512.127174	0	264	18.3	0.302268	26.6	102179
1477	512.667973	0	150	7.2	0.302468	26.6	102179
1478	513.780650	0	515	40.8	0.302665	26.6	102179
1479	514.033183	0	1836	153.7	0.302869	26.6	102179
1480	514.077683	1	1131	95.7	0.303084	26.6	102179
1481	515.153646	0	363	27.0	0.303288	26.6	102178
1482	515.243364	1	835	69.8	0.303498	26.6	102178
1483	515.587028	0	376	28.2	0.303701	26.6	102178
1484	515.776911	0	355	26.3	0.303932	26.6	102178
1485	517.236926	0	217	13.8	0.304135	26.6	102179
1486	517.493399	0	168	9.0	0.304333	26.6	102181
1487	518.102151	0	425	32.6	0.304533	26.6	102181
1488	518.353864	0	300	21.5	0.304734	26.6	102181
1489	518.518148	0	278	19.6	0.304941	26.6	102183
1490	518.666058	0	155	7.7	0.305150	26.6	102183
1491	518.819360	0	157	7.9	0.305351	26.6	102183
1492	520.630045	1	170	9.2	0.305563	26.6	102181
1493	521.037676	0	147	6.9	0.305767	26.6	102181
1494	521.063698	0	443	34.2	0.305976	26.6	102181
1495	521.158748	0	176	9.8	0.306179	26.6	102181
1496	521.294952	0	230	15.1	0.306377	26.6	102181
1497	521.518456	0	433	33.3	0.306580	26.6	102181
1498	521.772748	0	553	44.4	0.306804	26.6	102181
1499	521.975882	0	428	32.8	0.307061	26.6	102181
1500	522.164242	1	1016	86.1	0.307293	26.6	102181
1501	522.196076	0	439	33.8	0.307497	26.6	102181
1502	522.377485	0	245	16.6	0.307699	26.6	102180
1503	522.554462	0	374	28.0	0.307910	26.6	102180
1504	522.595386	0	3419	293.6	0.308114	26.6	102180
1505	522.807317	0	313	22.7	0.308330	26.6	102180
1506	523.053649	0	153	7.5	0.308528	26.6	102180
1507	523.109992	0	1058	89.6	0.308729	26.6	102180
1508	523.491109	0	192	11.4	0.308939	26.6	102180
1509	523.818863	0	155	7.7	0.309148	26.6	102179
1510	524.258120	0	162	8.4	0.309349	26.6	102179
1511	524.327893	0	380	28.5	0.309553	26.6	102179
1512	524.817102	0	168	9.0	0.309752	26.6	102179
1513	525.783908	0	306	22.1	0.309963	26.6	102179
1514	526.713609	0	157	7.9	0.310161	26.7	102181
1515	527.593197	0	159	8.1	0.310358	26.7	102181
1516	527.835674	0	173	9.5	0.310560	26.7	102181
1517	528.271510	0	176	9.8	0.310760	26.7	102181
1518	528.639435	0	1346	113.7	0.310968	26.7	102181
1519	528.673905	0	528	42.0	0.311175	26.7	102181
1520	528.749489	0	160	8.2	0.311374	26.7	102181
1521	529.365269	0	1673	140.8	0.311576	26.7	102181
1522	529.466893	0	188	11.0	0.311781	26.7	102181
1523	529.720711	0	736	60.5	0.311983	26.7	102181
1524	529.783273	0	1187	100.4	0.312190	26.7	102181
1525	529.835392	0	180	10.2	0.312393	26.7	102181
1526	530.490842	0	506	39.9	0.312597	26.7	102181
1527	530.498449	0	325	23.7	0.312802	26.7	102181
1528	530.919284	0	177	9.9	0.312995	26.7	102180
1529	531.228910	0	302	21.7	0.313194	26.7	102180
1530	531.282817	0	269	18.8	0.313396	26.7	102180
1531	531.590138	0	255	17.5	0.313600	26.7	102180
1532	531.715049	0	180	10.2	0.313826	26.7	102180
1533	531.754488	0	196	11.8	0.314076	26.7	102180
1534	531.972080	1	1086	91.9	0.314299	26.7	102180
1535	532.860247	0	390	29.4	0.314501	26.7	102180
1536	533.127126	0	315	22.8	0.314702	26.7	102180
1537	533.379019	0	158	8.0	0.314901	26.7	102180
1538	533.685786	0	202	12.4	0.315094	26.7	102180
1539	535.069052	0	293	20.9	0.315297	26.7	102179
1540	536.496323	1	928	78.5	0.315500	26.7	102178
1541	537.150330	0	875	73.5	0.315701	26.7	102178
1542	537.228683	0	336	24.7	0.315908	26.7	102178
1543	537.409929	0	149	7.1	0.316112	26.7	102181
1544	537.474038	0	202	12.4	0.316312	26.7	102181
1545	537.609474	0	147	6.9	0.316509	26.7	102181
1546	537.656028	0	242	16.3	0.316707	26.7	102181
1547	538.808049	0	174	9.6	0.316904	26.7	102180
1548	539.203369	0	242	16.3	0.317110	26.7	102180
1549	539.630210	0	168	9.0	0.317305	26.7	102180
1550	540.274723	0	221	14.2	0.317504	26.7	102179
1551	540.597957	0	152	7.4	0.317706	26.7	102179
1552	540.859941	1	707	58.0	0.317915	26.7	102179
1553	542.831782	0	268	18.7	0.318120	26.7	102179
1554	543.634752	0	868	72.9	0.318347	26.7	102179
1555	543.850534	1	1994	166.2	0.318620	26.7	102179
1556	544.064234	0	178	10.0	0.318862	26.7	102178
1557	544.975177	0	310	22.4	0.319069	26.7	102178
1558	545.693798	0	339	24.9	0.319270	26.7	102178
1559	546.063332	0	179	10.1	0.319471	26.7	102180
1560	546.227920	1	843	70.5	0.319679	26.7	102180
1561	546.650604	0	171	9.3	0.319895	26.7	102180
1562	547.416694	0	266	18.5	0.320111	26.7	102180
1563	547.489859	0	249	16.9	0.320323	26.7	102180
1564	547.535730	0	258	17.8	0.320528	26.7	102180
1565	548.184415	0	166	8.8	0.320730	26.7	102180
1566	549.284075	0	150	7.2	0.320935	26.7	102179
1567	549.342802	0	180	10.2	0.321140	26.7	102179
1568	552.207555	0	422	32.3	0.321345	26.7	102178
1569	552.859832	0	341	25.1	0.321547	26.7	102178
1570	553.392962	0	281	19.9	0.321769	26.7	102178
1571	553.588571	0	175	9.7	0.322028	26.7	102178
1572	553.711096	0	174	9.6	0.322237	26.7	102178
1573	553.807735	1	861	72.2	0.322474	26.7	102178
1574	553.834222	0	420	32.1	0.322669	26.7	102178
1575	554.322773	0	155	7.7	0.322872	26.7	102178
1576	554.927015	0	148	7.0	0.323069	26.7	102177
1577	556.268561	0	192	11.4	0.323281	26.7	102177
1578	556.321263	0	450	34.8	0.323482	26.7	102177
1579	556.536923	0	268	18.7	0.323681	26.7	102177
1580	556.620376	0	189	11.1	0.323887	26.7	102177
1581	557.026293	0	383	28.8	0.324093	26.7	102176
1582	557.046489	0	377	28.3	0.324295	26.7	102176
1583	557.261905	1	151	7.3	0.324528	26.7	102178
1584	557.866076	0	818	68.2	0.324727	26.7	102178
1585	558.621092	0	155	7.7	0.324926	26.7	102178
1586	558.630741	1	892	75.1	0.325131	26.7	102178
1587	558.981742	0	473	36.9	0.325347	26.7	102178
1588	559.761323	0	341	25.1	0.325552	26.7	102178
1589	559.904421	0	3131	267.5	0.325766	26.7	102178
1590	560.121559	0	224	14.5	0.325966	26.7	102178
1591	560.387028	0	322	23.4	0.326173	26.7	102178
1592	560.512029	0	149	7.1	0.326380	26.7	102178
1593	561.050103	0	265	18.4	0.326586	26.7	102178
1594	561.171324	0	153	7.5	0.326791	26.7	102178
1595	561.251459	0	436	33.6	0.326990	26.7	102178
1596	561.413083	0	201	12.3	0.327195	26.7	102178
1597	562.214074	0	673	55.1	0.327393	26.7	102178
1598	562.252376	0	289	20.6	0.327593	26.7	102178
1599	562.799550	0	210	13.1	0.327795	26.7	102178
1600	562.953606	0	250	17.0	0.327994	26.7	102177
1601	563.653159	0	160	8.2	0.328212	26.7	102177
1602	563.686831	0	265	18.4	0.328458	26.7	102177
1603	564.097222	0	611	49.9	0.328674	26.7	102177
1604	564.279414	0	287	20.4	0.328880	26.7	102177
1605	564.293764	0	178	10.0	0.329082	26.7	102177
1606	564.319560	0	519	41.2	0.329283	26.7	102177
1607	564.829686	0	978	82.9	0.329493	26.7	102177
1608	565.369434	0	159	8.1	0.329700	26.7	102176
1609	565.456207	1	1249	105.6	0.329905	26.7	102176
1610	565.586192	0	415	31.7	0.330110	26.7	102176
1611	565.601586	0	164	8.6	0.330311	26.7	102176
1612	565.644904	0	409	31.1	0.330509	26.7	102176
1613	565.897334	0	509	40.2	0.330712	26.7	102177
1614	565.963843	0	161	8.3	0.330915	26.7	102177
1615	566.119248	0	206	12.8	0.331117	26.7	102177
1616	566.186109	0	314	22.8	0.331312	26.7	102177
1617	566.330800	0	152	7.4	0.331511	26.7	102177
1618	566.745697	0	251	17.1	0.331711	26.7	102177
1619	566.892306	0	381	28.6	0.331910	26.7	102181
1620	567.038925	0	322	23.4	0.332120	26.7	102181
1621	567.383396	0	400	30.3	0.332328	26.7	102181
1622	567.409099	0	222	14.3	0.332537	26.7	102181
1623	567.683741	0	195	11.7	0.332734	26.7	102181
1624	567.748476	0	220	14.1	0.332942	26.7	102180
1625	567.810520	0	477	37.3	0.333145	26.7	102180
1626	568.393944	0	240	16.1	0.333347	26.7	102180
1627	568.493857	0	536	42.8	0.333545	26.7	102180
1628	568.940769	0	277	19.5	0.333746	26.7	102180
1629	569.143394	0	183	10.5	0.333949	26.7	102180
1630	569.316435	0	240	16.1	0.334149	26.7	102179
1631	569.781980	0	353	26.2	0.334346	26.7	102179
1632	570.000789	0	359	26.7	0.334553	26.7	102179
1633	570.120894	0	310	22.4	0.334776	26.7	102179
1634	570.405340	0	194	11.6	0.334974	26.7	102179
1635	570.466128	0	195	11.7	0.335173	26.7	102179
1636	570.646459	0	222	14.3	0.335376	26.7	102179
1637	570.712077	0	521	41.3	0.335581	26.7	102179
1638	570.756843	0	250	17.0	0.335782	26.7	102179
1639	571.401192	0	206	12.8	0.335985	26.7	102179
1640	571.694863	0	176	9.8	0.336191	26.8	102178
1641	571.985419	0	203	12.5	0.336398	26.8	102178
1642	572.873345	0	166	8.8	0.336600	26.8	102178
1643	573.607886	0	325	23.7	0.336804	26.8	102178
1644	574.496846	0	678	55.6	0.337029	26.8	102178
1645	574.883933	0	609	49.7	0.337299	26.8	102178
1646	574.958109	0	163	8.5	0.337516	26.8	102178
1647	575.094085	0	525	41.7	0.337719	26.8	102178
1648	575.281697	0	263	18.2	0.337922	26.8	102178
1649	575.458557	0	198	12.0	0.338125	26.8	102178
1650	576.184217	0	183	10.5	0.338332	26.8	102177
1651	576.236834	0	162	8.4	0.338537	26.8	102177
1652	577.206263	1	1337	112.9	0.338753	26.8	102179
1653	577.559520	0	166	8.8	0.338962	26.8	102178
1654	577.974236	0	220	14.1	0.339167	26.8	102178
1655	578.153542	0	1280	108.2	0.339370	26.8	102178
1656	578.306170	1	329	24.1	0.339582	26.8	102178
1657	578.348976	0	1037	87.8	0.339790	26.8	102178
1658	578.542041	0	178	10.0	0.340015	26.8	102178
1659	578.751013	0	173	9.5	0.340217	26.8	102178
1660	579.121017	0	233	15.4	0.340416	26.8	102178
1661	579.553196	0	244	16.5	0.340618	26.8	102178
1662	580.928943	0	241	16.2	0.340820	26.8	102178
1663	581.194157	0	226	14.7	0.341021	26.8	102178
1664	581.281469	0	267	18.6	0.341223	26.8	102178
1665	581.686041	0	155	7.7	0.341427	26.8	102178
1666	581.957003	0	294	21.0	0.341625	26.8	102178
1667	582.418332	0	187	10.9	0.341829	26.8	102178
1668	582.836162	0	151	7.3	0.342035	26.8	102178
1669	582.988876	0	297	21.3	0.342241	26.8	102178
1670	583.514579	0	832	69.5	0.342465	26.8	102178
1671	583.676255	0	157	7.9	0.342674	26.8	102178
1672	583.919885	0	155	7.7	0.342894	26.8	102178
1673	584.051637	0	221	14.2	0.343145	26.8	102178
1674	584.285119	0	1032	87.4	0.343362	26.8	102178
1675	584.352486	0	345	25.5	0.343563	26.8	102178
1676	584.668864	0	291	20.8	0.343762	26.8	102177
1677	584.787039	0	621	50.8	0.343967	26.8	102177
1678	585.257653	0	153	7.5	0.344170	26.8	102177
1679	585.402180	0	712	58.4	0.344373	26.8	102177
1680	586.265220	0	970	82.2	0.344582	26.8	102176
1681	586.525206	0	148	7.0	0.344780	26.8	102176
1682	586.988974	0	228	14.9	0.345001	26.8	102178
1683	587.122704	0	208	13.0	0.345203	26.8	102178
1684	589.824127	0	169	9.1	0.345398	26.8	102178
1685	590.075983	0	149	7.1	0.345601	26.8	102178
1686	590.270380	0	207	12.9	0.345804	26.8	102178
1687	590.431392	0	1411	119.1	0.346006	26.8	102178
1688	590.486717	0	155	7.7	0.346209	26.8	102178
1689	590.552818	0	1752	147.1	0.346403	26.8	102178
1690	591.982439	0	555	44.6	0.346604	26.8	102178
1691	592.086514	0	257	17.7	0.346809	26.8	102178
1692	592.701873	0	696	57.1	0.347012	26.8	102178
1693	593.270195	0	200	12.2	0.347217	26.8	102178
1694	593.539112	0	584	47.4	0.347427	26.8	102178
1695	593.540875	0	214	13.5	0.347650	26.8	102178
1696	594.118086	0	182	10.4	0.347852	26.8	102178
1697	594.322894	0	254	17.4	0.348079	26.8	102177
1698	594.965838	0	290	20.7	0.348338	26.8	102177
1699	595.278163	0	151	7.3	0.348556	26.8	102177
1700	595.476761	1	1011	85.6	0.348773	26.8	102177
1701	595.639818	0	178	10.0	0.348976	26.8	102177
1702	596.246657	0	507	40.0	0.349177	26.8	102177
1703	596.871302	0	281	19.9	0.349383	26.8	102177
1704	597.387408	0	163	8.5	0.349585	26.8	102178
1705	597.633784	0	309	22.3	0.349795	26.8	102178
1706	598.202452	0	187	10.9	0.350001	26.8	102178
1707	598.564288	0	232	15.3	0.350205	26.8	102178
1708	598.642887	1	716	58.8	0.350420	26.8	102178
1709	598.863937	1	849	71.1	0.350625	26.8	102178
1710	598.882080	0	301	21.6	0.350827	26.8	102178
1711	599.063496	0	237	15.8	0.351015	26.8	102178
1712	599.416364	0	1048	88.7	0.351213	26.8	102178
1713	599.427037	0	204	12.6	0.351410	26.8	102178
1714	599.437978	0	677	55.5	0.351617	26.8	102178
1715	599.458511	0	509	40.2	0.351792	26.8	102178
1716	600.173113	0	274	19.2	0.351994	26.8	102178
1717	600.407547	0	163	8.5	0.352199	26.8	102178
1718	600.845543	0	222	14.3	0.352400	26.8	102178
1719	601.322124	0	561	45.2	0.352601	26.8	102178
1720	601.535590	0	150	7.2	0.352802	26.8	102178
1721	601.650931	0	499	39.3	0.353000	26.8	102178
1722	601.893500	0	147	6.9	0.353205	26.8	102178
1723	602.509125	0	348	25.7	0.353402	26.8	102178
1724	602.541121	0	2077	172.7	0.353605	26.8	102178
1725	602.589791	0	233	15.4	0.353819	26.8	102178
1726	602.906813	0	354	26.2	0.354030	26.8	102178
1727	603.516592	1	1149	97.2	0.354244	26.8	102177
1728	603.525320	0	171	9.3	0.354443	26.8	102177
1729	603.760690	0	155	7.7	0.354653	26.8	102177
1730	603.804107	0	861	72.2	0.354859	26.8	102177
1731	603.856836	0	150	7.2	0.355066	26.8	102177
1732	604.466519	1	1932	161.3	0.355275	26.8	102176
