##############################################################################################
#                         CosmicWatch: The Desktop Muon Detector v2.1
#                                  Questions? saxani@udel.edu
#                                     Detector Name: AxLab                                     
# Event  Time[s]  Coincident[bool]  ADC[0-4095]  SiPM[mV]  Deadtime[s]  Temp[C]  Pressure[Pa]
#############################################################################################
1	0.145739	0	283	20.1	0.000061	26.0	102185
2	0.231183	0	1108	93.8	0.000315	26.0	102185
3	0.298614	0	642	52.5	0.000518	26.0	102185
4	0.358878	0	682	55.9	0.000704	26.0	102185
5	0.452984	0	577	46.7	0.000891	26.0	102185
6	0.867476	0	166	8.8	0.001089	26.0	102181
7	0.929571	0	147	6.9	0.001271	26.0	102181
8	1.578194	0	156	7.8	0.001454	26.0	102181
9	1.704775	0	1748	146.8	0.001644	26.0	102181
10	1.718005	0	1110	94.0	0.001841	26.0	102181
11	1.863063	0	427	32.8	0.002010	26.0	102181
12	2.217096	0	306	22.1	0.002207	26.0	102181
13	2.376136	0	360	26.8	0.002400	26.0	102181
14	2.555393	0	284	20.2	0.002591	26.0	102181
15	2.573014	0	338	24.8	0.002780	26.0	102181
16	2.798037	0	320	23.3	0.002973	26.0	102181
17	3.001638	0	170	9.2	0.003161	26.0	102181
18	3.294307	0	332	24.3	0.003345	26.0	102181
19	3.561412	0	160	8.2	0.003535	26.0	102181
20	3.922326	0	368	27.5	0.003725	26.0	102181
21	4.233874	0	464	36.1	0.003912	26.0	102181
22	4.495983	0	788	65.4	0.004122	26.0	102181
23	4.790314	0	408	31.0	0.004329	26.0	102181
24	4.916580	0	161	8.3	0.004586	26.0	102181
25	4.920515	0	443	34.2	0.004793	26.0	102181
26	5.258228	0	153	7.5	0.004963	26.0	102181
27	5.786505	0	305	22.0	0.005150	26.0	102181
28	6.213680	0	898	75.7	0.005341	26.0	102181
29	6.460996	0	245	16.6	0.005531	26.0	102181
30	6.803843	0	163	8.5	0.005739	26.0	102181
31	7.005571	0	281	19.9	0.005935	26.0	102181
32	7.414501	0	448	34.7	0.006121	26.0	102181
33	7.599194	0	309	22.3	0.006314	26.0	102181
34	7.919793	0	189	11.1	0.006508	26.0	102181
35	8.092333	0	154	7.6	0.006704	26.0	102181
36	8.548095	0	1166	98.7	0.006892	26.0	102183
37	8.945511	0	150	7.2	0.007094	26.0	102183
38	9.838248	0	281	19.9	0.007277	26.0	102183
39	10.176876	0	174	9.6	0.007472	26.0	102183
40	10.541766	0	324	23.6	0.007667	26.0	102183
41	10.921141	0	169	9.1	0.007862	26.0	102183
42	11.258623	0	187	10.9	0.008055	26.0	102183
43	11.521748	0	568	45.8	0.008255	26.0	102183
44	11.838668	0	342	25.2	0.008447	26.0	102183
45	12.756730	0	274	19.2	0.008646	26.0	102183
46	13.039659	0	1728	145.2	0.008843	26.0	102184
47	13.344477	0	178	10.0	0.009042	26.0	102184
48	13.359295	0	210	13.1	0.009234	26.0	102184
49	13.695614	0	212	13.3	0.009420	26.0	102184
50	13.772288	0	224	14.5	0.009614	26.0	102184
51	13.874373	0	203	12.5	0.009808	26.0	102184
52	14.456175	0	190	11.2	0.010008	26.0	102184
53	14.527420	0	155	7.7	0.010199	26.0	102184
54	14.792542	0	211	13.2	0.010407	26.0	102184
55	14.817190	0	828	69.1	0.010652	26.0	102184
56	14.936486	0	284	20.2	0.010854	26.0	102184
57	15.004441	0	276	19.4	0.011051	26.0	102184
58	15.037764	1	927	78.4	0.011253	26.0	102184
59	15.502170	0	172	9.4	0.011448	26.0	102184
60	15.930206	0	228	14.9	0.011640	26.0	102178
61	16.437081	0	174	9.6	0.011835	26.0	102178
62	16.969537	0	1105	93.5	0.012026	26.0	102178
63	17.363383	0	174	9.6	0.012218	26.0	102178
64	18.339557	0	172	9.4	0.012407	26.0	102178
65	18.620136	0	147	6.9	0.012610	26.0	102178
66	19.837264	0	276	19.4	0.012810	26.0	102178
67	20.065559	0	157	7.9	0.013001	26.0	102178
68	20.197888	1	1416	119.5	0.013199	26.0	102178
69	20.260890	0	152	7.4	0.013392	26.0	102178
70	20.382094	0	777	64.3	0.013583	26.0	102178
71	20.565339	0	354	26.2	0.013771	26.0	102178
72	20.731720	0	177	9.9	0.013964	26.0	102178
73	20.910975	0	345	25.5	0.014156	26.0	102178
74	21.237245	0	174	9.6	0.014350	26.0	102178
75	21.877989	0	176	9.8	0.014539	26.0	102178
76	21.902561	0	325	23.7	0.014731	26.0	102178
77	22.133685	0	224	14.5	0.014921	26.0	102178
78	22.384658	0	155	7.7	0.015114	26.0	102178
79	22.803828	0	157	7.9	0.015305	26.0	102178
80	23.293941	0	298	21.4	0.015497	26.0	102178
81	23.928355	0	212	13.3	0.015695	26.0	102178
82	24.283165	0	152	7.4	0.015887	26.0	102178
83	24.359641	0	170	9.2	0.016079	26.0	102178
84	24.449244	0	181	10.3	0.016268	26.0	102178
85	25.047697	0	241	16.2	0.016462	26.0	102178
86	25.284379	0	218	13.9	0.016670	26.0	102178
87	25.530621	0	224	14.5	0.016914	26.0	102178
88	25.977172	0	3484	299.6	0.017114	26.0	102178
89	27.612604	0	862	72.3	0.017313	26.0	102178
90	27.722256	0	336	24.7	0.017507	26.0	102178
91	28.069274	0	456	35.4	0.017699	26.0	102178
92	28.623719	0	509	40.2	0.017891	26.0	102178
93	29.231184	0	185	10.7	0.018084	26.0	102183
94	29.980903	0	172	9.4	0.018280	26.0	102183
95	30.602522	0	164	8.6	0.018475	26.0	102183
96	30.695213	0	792	65.7	0.018667	26.0	102183
97	30.788292	0	254	17.4	0.018874	26.0	102183
98	31.111575	0	176	9.8	0.019068	26.0	102183
99	31.154422	0	225	14.6	0.019262	26.0	102183
100	31.458623	0	153	7.5	0.019458	26.0	102183
101	31.533703	0	169	9.1	0.019649	26.0	102183
102	32.115728	0	413	31.5	0.019840	26.0	102181
103	32.687737	1	418	31.9	0.020050	26.0	102181
104	33.158110	0	2916	245.9	0.020247	26.0	102181
105	33.791728	0	273	19.1	0.020448	26.0	102181
106	35.894389	0	342	25.2	0.020640	26.0	102179
107	36.417983	0	906	76.4	0.020857	26.0	102180
108	36.774741	0	161	8.3	0.021108	26.0	102183
109	36.783311	0	172	9.4	0.021311	26.0	102183
110	37.118014	0	283	20.1	0.021482	26.0	102183
111	37.352526	0	179	10.1	0.021684	26.0	102183
112	37.612986	0	148	7.0	0.021898	26.0	102181
113	38.592125	0	164	8.6	0.022090	26.0	102180
114	39.361722	0	229	15.0	0.022295	26.0	102180
115	39.391996	0	173	9.5	0.022491	26.0	102180
116	39.652080	0	336	24.7	0.022682	26.0	102180
117	40.017892	0	182	10.4	0.022875	26.0	102180
118	40.434526	0	148	7.0	0.023073	26.0	102179
119	40.801231	1	856	71.8	0.023280	26.0	102179
120	40.900858	0	155	7.7	0.023476	26.0	102179
121	41.188211	0	187	10.9	0.023669	26.0	102179
122	41.585956	0	510	40.3	0.023877	26.0	102179
123	41.664078	0	345	25.5	0.024094	26.0	102179
124	42.513364	0	390	29.4	0.024292	26.0	102181
125	42.613516	0	470	36.7	0.024490	26.0	102181
126	42.652556	0	181	10.3	0.024683	26.0	102181
127	42.779017	0	158	8.0	0.024878	26.1	102180
128	43.021169	0	185	10.7	0.025072	26.1	102180
129	43.393749	0	322	23.4	0.025264	26.1	102180
130	43.647645	0	425	32.6	0.025463	26.1	102180
131	43.851275	0	414	31.6	0.025659	26.1	102180
132	44.349614	0	908	76.6	0.025853	26.1	102179
133	44.575111	0	857	71.8	0.026058	26.1	102179
134	44.611529	0	433	33.3	0.026258	26.1	102179
135	44.660070	0	197	11.9	0.026447	26.1	102179
136	44.926022	0	242	16.3	0.026642	26.1	102179
137	45.726481	0	231	15.2	0.026841	26.1	102178
138	45.882770	0	763	63.0	0.027034	26.1	102178
139	46.328709	0	163	8.5	0.027231	26.1	102180
140	46.547393	0	563	45.4	0.027470	26.1	102180
141	47.654113	0	189	11.1	0.027718	26.1	102180
142	47.668967	0	188	11.0	0.027925	26.1	102180
143	47.701072	0	254	17.4	0.028130	26.1	102180
144	47.817469	0	225	14.6	0.028330	26.1	102180
145	48.210134	0	191	11.3	0.028533	26.1	102179
146	48.454185	0	473	36.9	0.028728	26.1	102179
147	48.691521	0	148	7.0	0.028929	26.1	102179
148	49.033929	0	155	7.7	0.029121	26.1	102179
149	49.160716	0	203	12.5	0.029313	26.1	102178
150	49.608701	0	253	17.3	0.029505	26.1	102178
151	50.076239	0	178	10.0	0.029706	26.1	102180
152	50.177703	0	150	7.2	0.029899	26.1	102180
153	50.297272	0	394	29.8	0.030092	26.1	102180
154	50.413592	0	175	9.7	0.030287	26.1	102180
155	50.944630	0	1073	90.8	0.030485	26.1	102180
156	51.775833	0	490	38.5	0.030682	26.1	102178
157	52.680626	0	172	9.4	0.030880	26.1	102178
158	52.943186	0	158	8.0	0.031085	26.1	102178
159	53.281132	0	688	56.4	0.031282	26.1	102178
160	53.471656	0	185	10.7	0.031479	26.1	102179
161	53.700788	0	157	7.9	0.031687	26.1	102179
162	54.532319	0	181	10.3	0.031884	26.1	102178
163	54.726677	0	282	20.0	0.032090	26.1	102178
164	54.840732	0	293	20.9	0.032287	26.1	102178
165	54.921435	0	427	32.8	0.032491	26.1	102178
166	55.211199	0	171	9.3	0.032686	26.1	102178
167	55.851364	0	164	8.6	0.032881	26.1	102178
168	55.964107	1	552	44.3	0.033092	26.1	102178
169	56.149170	0	532	42.4	0.033291	26.1	102178
170	56.342775	0	168	9.0	0.033485	26.1	102179
171	56.370040	0	179	10.1	0.033681	26.1	102179
172	56.426503	0	162	8.4	0.033898	26.1	102179
173	56.845345	0	259	17.8	0.034146	26.1	102179
174	57.162108	0	375	28.1	0.034356	26.1	102179
175	57.183797	0	197	11.9	0.034545	26.1	102179
176	57.556790	0	170	9.2	0.034736	26.1	102178
177	58.415186	0	158	8.0	0.034928	26.1	102178
178	58.535980	0	1816	152.1	0.035122	26.1	102178
179	58.976690	0	460	35.8	0.035319	26.1	102178
180	59.287510	0	149	7.1	0.035527	26.1	102177
181	59.319074	0	432	33.2	0.035722	26.1	102177
182	59.532168	0	586	47.5	0.035918	26.1	102177
183	59.794891	0	273	19.1	0.036114	26.1	102181
184	61.659182	0	608	49.6	0.036310	26.2	102179
185	61.874657	0	1217	102.9	0.036518	26.2	102179
186	62.172277	0	160	8.2	0.036713	26.2	102181
187	62.674534	0	267	18.6	0.036914	26.2	102180
188	63.551609	0	784	65.0	0.037102	26.2	102179
189	63.571932	0	619	50.6	0.037302	26.2	102179
190	63.819502	0	339	24.9	0.037477	26.2	102179
191	64.226499	0	595	48.4	0.037671	26.2	102179
192	64.314201	1	1213	102.6	0.037896	26.2	102179
193	64.315115	0	241	16.2	0.038109	26.2	102179
194	64.324157	0	216	13.7	0.038286	26.2	102179
195	64.543555	0	355	26.3	0.038449	26.2	102178
196	65.056209	0	350	25.9	0.038646	26.2	102180
197	65.601081	0	660	54.1	0.038847	26.2	102179
198	65.838575	0	934	79.1	0.039044	26.2	102179
199	66.172496	0	150	7.2	0.039265	26.2	102179
200	66.743610	0	422	32.3	0.039471	26.2	102178
201	66.998880	0	213	13.4	0.039696	26.2	102178
202	67.167009	0	171	9.3	0.039946	26.2	102178
203	67.451192	0	162	8.4	0.040159	26.2	102178
204	67.507327	0	324	23.6	0.040360	26.2	102178
205	67.583621	0	730	59.9	0.040555	26.2	102178
206	67.675329	0	509	40.2	0.040753	26.2	102178
207	67.729151	0	257	17.7	0.040959	26.2	102178
208	67.826109	0	156	7.8	0.041183	26.2	102178
209	68.059473	0	149	7.1	0.041375	26.2	102179
210	68.111818	0	1646	138.6	0.041570	26.2	102179
211	68.452144	0	181	10.3	0.041773	26.2	102179
212	68.468117	0	593	48.2	0.041980	26.2	102179
213	68.474227	0	163	8.5	0.042187	26.2	102179
214	68.485375	0	498	39.2	0.042353	26.2	102179
215	69.178374	0	152	7.4	0.042521	26.2	102179
216	69.470161	0	176	9.8	0.042723	26.2	102178
217	69.728664	0	347	25.6	0.042922	26.2	102178
218	69.980006	0	246	16.6	0.043119	26.2	102178
219	70.966619	0	549	44.0	0.043318	26.2	102178
220	71.031101	0	240	16.1	0.043523	26.2	102178
221	71.391531	0	433	33.3	0.043724	26.2	102178
222	72.319726	0	934	79.1	0.043923	26.2	102177
223	72.320443	0	241	16.2	0.044123	26.2	102177
224	73.788503	0	2117	175.9	0.044296	26.2	102178
225	74.486075	0	254	17.4	0.044504	26.2	102178
226	74.486654	0	198	12.0	0.044705	26.2	102178
227	74.807730	1	754	62.2	0.044882	26.3	102178
228	75.192695	0	300	21.5	0.045081	26.3	102177
229	75.209458	0	407	30.9	0.045278	26.3	102177
230	75.227845	0	180	10.2	0.045449	26.3	102177
231	75.273076	0	358	26.6	0.045645	26.3	102177
232	75.835378	0	341	25.1	0.045849	26.3	102177
233	75.976641	0	163	8.5	0.046072	26.3	102177
234	76.225103	0	192	11.4	0.046274	26.3	102178
235	77.122514	0	1119	94.7	0.046472	26.3	102178
236	77.306792	0	219	14.0	0.046696	26.3	102178
237	77.666014	0	1993	166.1	0.046973	26.3	102177
238	77.744328	0	322	23.4	0.047189	26.3	102177
239	78.568779	0	161	8.3	0.047396	26.3	102176
240	79.121325	0	150	7.2	0.047593	26.3	102178
241	79.510192	0	338	24.8	0.047792	26.3	102178
242	80.417455	0	596	48.5	0.048004	26.3	102177
243	80.444535	0	194	11.6	0.048205	26.3	102177
244	80.814830	0	267	18.6	0.048404	26.3	102176
245	80.845855	0	521	41.3	0.048610	26.3	102176
246	82.212736	0	176	9.8	0.048811	26.3	102180
247	82.262123	0	200	12.2	0.049010	26.3	102180
248	82.678840	0	148	7.0	0.049209	26.3	102179
249	83.039796	0	203	12.5	0.049404	26.3	102179
250	83.119278	0	544	43.5	0.049609	26.3	102179
251	83.575656	0	353	26.2	0.049812	26.3	102178
252	84.370761	0	753	62.1	0.050033	26.3	102179
253	84.382319	0	601	49.0	0.050236	26.3	102179
254	84.885239	0	459	35.7	0.050412	26.3	102179
255	84.892348	0	170	9.2	0.050607	26.3	102179
256	85.380645	0	1028	87.1	0.050774	26.3	102178
257	85.692567	0	159	8.1	0.050975	26.3	102178
258	85.933749	0	153	7.5	0.051167	26.3	102178
259	86.057099	0	286	20.3	0.051374	26.3	102178
260	86.228957	0	315	22.8	0.051574	26.3	102178
261	86.330543	0	966	81.9	0.051774	26.3	102178
262	86.564621	0	148	7.0	0.051974	26.3	102178
263	86.860952	0	415	31.7	0.052168	26.3	102179
264	87.365575	0	152	7.4	0.052366	26.4	102179
265	88.571305	0	228	14.9	0.052585	26.4	102178
266	88.618812	0	210	13.1	0.052840	26.4	102178
267	88.823375	0	227	14.8	0.053050	26.4	102178
268	88.998155	0	677	55.5	0.053246	26.4	102178
269	89.527086	0	312	22.6	0.053452	26.4	102177
270	89.531097	0	269	18.8	0.053655	26.4	102177
271	89.654894	0	418	31.9	0.053831	26.4	102178
272	90.332536	0	248	16.8	0.054032	26.4	102178
273	91.176098	0	408	31.0	0.054234	26.4	102177
274	91.544585	0	155	7.7	0.054436	26.4	102177
275	91.887036	0	381	28.6	0.054636	26.4	102177
276	92.065462	0	164	8.6	0.054837	26.4	102178
277	92.143255	0	370	27.7	0.055032	26.4	102178
278	92.190567	0	157	7.9	0.055239	26.4	102178
279	92.375371	0	166	8.8	0.055450	26.4	102178
280	92.477544	0	150	7.2	0.055655	26.4	102178
281	92.658043	0	166	8.8	0.055855	26.4	102178
282	94.020068	0	557	44.8	0.056055	26.4	102176
283	94.380781	0	158	8.0	0.056253	26.4	102176
284	94.525636	0	493	38.7	0.056444	26.4	102176
285	95.184561	1	725	59.5	0.056659	26.4	102178
286	95.239342	0	301	21.6	0.056871	26.4	102178
287	95.855467	0	350	25.9	0.057080	26.4	102177
288	96.866493	0	235	15.6	0.057280	26.4	102176
289	97.011361	0	216	13.7	0.057474	26.4	102176
290	97.189519	0	153	7.5	0.057677	26.4	102176
291	97.515915	0	172	9.4	0.057903	26.4	102175
292	98.636127	0	148	7.0	0.058121	26.4	102177
293	98.847021	0	259	17.8	0.058368	26.4	102176
294	99.014747	0	211	13.2	0.058576	26.4	102176
295	99.247092	0	227	14.8	0.058779	26.4	102176
296	99.408468	0	147	6.9	0.058987	26.4	102175
297	99.648185	0	176	9.8	0.059181	26.4	102175
298	100.663484	0	194	11.6	0.059381	26.4	102173
299	100.992055	0	155	7.7	0.059580	26.4	102179
300	101.111605	0	176	9.8	0.059784	26.4	102179
301	101.927779	0	310	22.4	0.060001	26.5	102178
302	102.300832	0	173	9.5	0.060206	26.5	102178
303	102.496758	0	318	23.1	0.060402	26.5	102178
304	102.776005	0	193	11.5	0.060600	26.5	102178
305	103.136609	0	288	20.5	0.060803	26.5	102178
306	103.201351	0	229	15.0	0.061010	26.5	102179
307	103.236196	0	171	9.3	0.061225	26.5	102179
308	103.672438	0	333	24.4	0.061427	26.5	102178
309	104.419982	0	285	20.2	0.061625	26.5	102178
310	105.541589	0	199	12.1	0.061825	26.5	102177
311	105.886955	0	313	22.7	0.062024	26.5	102177
312	106.351100	0	502	39.6	0.062229	26.5	102178
313	106.482564	0	1051	89.0	0.062432	26.5	102178
314	106.502483	0	152	7.4	0.062634	26.5	102178
315	107.223168	0	192	11.4	0.062807	26.5	102178
316	107.680718	1	807	67.2	0.063020	26.5	102177
317	107.965291	0	278	19.6	0.063248	26.5	102177
318	109.646362	0	473	36.9	0.063506	26.5	102178
319	110.569579	0	206	12.8	0.063720	26.5	102177
320	110.812483	0	160	8.2	0.063920	26.5	102177
321	110.862488	0	146	6.8	0.064127	26.5	102177
322	111.019418	0	150	7.2	0.064326	26.5	102177
323	111.711339	0	1284	108.5	0.064529	26.5	102178
324	111.743515	0	276	19.4	0.064733	26.5	102178
325	112.374136	0	213	13.4	0.064929	26.5	102178
326	113.069046	0	170	9.2	0.065128	26.5	102178
327	113.222419	0	355	26.3	0.065326	26.5	102178
328	113.375637	0	1376	116.2	0.065527	26.5	102177
329	113.789293	0	195	11.7	0.065731	26.5	102177
330	114.664882	0	1288	108.8	0.065928	26.5	102178
331	115.638745	0	156	7.8	0.066131	26.5	102177
332	117.159719	1	253	17.3	0.066342	26.6	102178
333	117.343713	0	701	57.5	0.066539	26.6	102178
334	117.493451	0	714	58.6	0.066743	26.6	102178
335	118.006572	0	2259	187.4	0.066951	26.6	102177
336	118.012813	0	191	11.3	0.067155	26.6	102177
337	118.117186	0	162	8.4	0.067348	26.6	102177
338	118.683164	0	196	11.8	0.067599	26.6	102176
339	118.844495	0	160	8.2	0.067812	26.6	102176
340	118.994060	1	152	7.4	0.068021	26.6	102176
341	119.121124	0	342	25.2	0.068220	26.6	102176
342	119.143883	0	516	40.9	0.068418	26.6	102176
343	119.625359	0	336	24.7	0.068625	26.6	102175
344	119.757302	0	150	7.2	0.068828	26.6	102175
345	120.099374	0	150	7.2	0.069029	26.6	102178
346	120.136839	0	290	20.7	0.069231	26.6	102178
347	120.284122	0	155	7.7	0.069430	26.6	102178
348	120.496503	0	483	37.8	0.069631	26.6	102178
349	120.851260	0	610	49.8	0.069839	26.6	102177
350	121.749752	0	155	7.7	0.070044	26.6	102176
351	122.473525	0	256	17.6	0.070264	26.6	102176
352	122.756342	0	196	11.8	0.070467	26.6	102179
353	123.180366	0	298	21.4	0.070674	26.6	102179
354	123.228066	0	231	15.2	0.070875	26.6	102179
355	123.274571	0	176	9.8	0.071072	26.6	102179
356	123.503568	0	520	41.3	0.071280	26.6	102178
357	124.174534	0	149	7.1	0.071497	26.6	102178
358	124.684945	0	195	11.7	0.071697	26.6	102178
359	124.812393	0	156	7.8	0.071894	26.6	102178
360	124.836372	0	257	17.7	0.072098	26.6	102178
361	124.980827	1	1005	85.1	0.072307	26.6	102177
362	125.425932	0	174	9.6	0.072508	26.6	102179
363	125.894815	0	156	7.8	0.072717	26.6	102178
364	126.018662	0	212	13.3	0.072918	26.6	102178
365	126.439452	0	789	65.5	0.073134	26.6	102178
366	126.879062	0	285	20.2	0.073338	26.6	102178
367	127.001348	0	190	11.2	0.073537	26.6	102178
368	127.420306	0	597	48.6	0.073737	26.6	102177
369	127.586892	0	260	17.9	0.073939	26.6	102177
370	127.826851	1	1349	113.9	0.074149	26.6	102177
371	128.509675	0	206	12.8	0.074368	26.6	102176
372	128.737222	0	299	21.5	0.074582	26.6	102176
373	129.033691	0	216	13.7	0.074831	26.6	102178
374	129.096593	0	634	51.9	0.075043	26.6	102178
375	129.501428	0	337	24.8	0.075255	26.6	102178
376	129.525303	0	162	8.4	0.075479	26.6	102178
377	130.060600	0	180	10.2	0.075664	26.6	102177
378	130.461223	0	197	11.9	0.075869	26.6	102177
379	130.699205	0	331	24.2	0.076072	26.6	102177
380	130.741085	0	240	16.1	0.076277	26.6	102176
381	130.845405	0	245	16.6	0.076474	26.6	102176
382	131.521050	0	256	17.6	0.076675	26.6	102176
383	131.663030	0	184	10.6	0.076874	26.6	102176
384	132.530912	1	803	66.8	0.077088	26.7	102178
385	132.899083	0	312	22.6	0.077296	26.7	102177
386	134.368263	1	1110	94.0	0.077504	26.7	102176
387	134.404058	0	196	11.8	0.077704	26.7	102176
388	134.406325	0	882	74.2	0.077903	26.7	102176
389	134.529097	0	157	7.9	0.078079	26.7	102176
390	134.567040	0	872	73.3	0.078281	26.7	102176
391	135.488121	0	1369	115.6	0.078477	26.7	102178
392	135.793435	0	179	10.1	0.078683	26.7	102178
393	135.821188	0	219	14.0	0.078880	26.7	102178
394	135.941747	0	182	10.4	0.079085	26.7	102178
395	135.955787	0	263	18.2	0.079285	26.7	102178
396	137.633041	0	147	6.9	0.079485	26.7	102176
397	137.729118	0	1404	118.5	0.079690	26.7	102176
398	138.750348	0	177	9.9	0.079892	26.7	102178
399	138.849551	0	1082	91.6	0.080112	26.7	102178
400	138.875812	0	190	11.2	0.080375	26.7	102178
401	139.440821	0	252	17.2	0.080582	26.7	102177
402	139.452799	0	181	10.3	0.080787	26.7	102177
403	139.693001	0	294	21.0	0.080992	26.7	102177
404	140.941750	0	613	50.1	0.081197	26.7	102175
405	141.062347	0	479	37.5	0.081409	26.7	102175
406	141.140839	0	147	6.9	0.081614	26.7	102175
407	141.582344	0	369	27.6	0.081828	26.7	102175
408	141.619544	0	165	8.7	0.082035	26.7	102175
409	141.727988	0	193	11.5	0.082239	26.7	102175
410	142.311098	0	196	11.8	0.082441	26.7	102177
411	142.624656	0	149	7.1	0.082642	26.7	102177
412	142.694150	0	499	39.3	0.082848	26.7	102177
413	142.756268	0	278	19.6	0.083060	26.7	102177
414	142.777624	0	296	21.2	0.083261	26.7	102177
415	143.130580	0	282	20.0	0.083442	26.7	102177
416	143.161492	0	368	27.5	0.083637	26.7	102177
417	143.587849	0	2469	204.5	0.083834	26.7	102176
418	143.684935	0	1074	90.9	0.084029	26.7	102176
419	144.663354	0	193	11.5	0.084230	26.7	102176
420	145.054202	0	842	70.4	0.084434	26.7	102175
421	145.082447	0	377	28.3	0.084630	26.7	102175
422	145.369850	0	522	41.4	0.084840	26.7	102179
423	145.564820	0	382	28.7	0.085041	26.7	102179
424	145.664481	1	781	64.7	0.085248	26.7	102179
425	146.123020	0	275	19.3	0.085452	26.7	102179
426	146.311515	0	787	65.3	0.085651	26.7	102179
427	146.531416	0	146	6.8	0.085880	26.7	102179
428	147.768009	0	506	39.9	0.086075	26.8	102178
429	148.153512	0	290	20.7	0.086282	26.8	102178
430	148.156359	0	181	10.3	0.086480	26.8	102178
431	148.169767	0	305	22.0	0.086654	26.8	102178
432	148.507644	0	486	38.1	0.086828	26.8	102178
433	148.771408	0	657	53.8	0.087024	26.8	102178
434	149.408169	0	1148	97.1	0.087245	26.8	102179
435	149.459964	0	232	15.3	0.087502	26.8	102179
436	150.270746	0	1405	118.6	0.087709	26.8	102179
437	150.612121	0	419	32.0	0.087917	26.8	102178
438	151.369839	0	168	9.0	0.088118	26.8	102178
439	153.182466	0	292	20.8	0.088326	26.8	102179
440	153.358533	0	168	9.0	0.088525	26.8	102179
441	153.446122	0	153	7.5	0.088729	26.8	102179
442	153.628200	0	653	53.5	0.088938	26.8	102179
443	153.957032	0	511	40.4	0.089139	26.8	102178
444	154.059808	0	312	22.6	0.089343	26.8	102178
445	154.147747	0	891	75.0	0.089548	26.8	102178
446	154.858011	0	190	11.2	0.089751	26.8	102178
447	155.256738	0	412	31.4	0.089957	26.8	102178
448	155.475028	0	160	8.2	0.090167	26.8	102178
449	156.327237	0	618	50.5	0.090366	26.8	102179
450	156.502960	0	199	12.1	0.090573	26.8	102179
451	156.628068	0	300	21.5	0.090772	26.8	102179
452	157.097637	0	161	8.3	0.090969	26.8	102179
453	157.113781	0	173	9.5	0.091170	26.8	102179
454	157.204675	0	197	11.9	0.091371	26.8	102179
455	157.492295	0	483	37.8	0.091572	26.8	102178
456	157.519579	0	246	16.6	0.091771	26.8	102178
457	158.806723	0	859	72.0	0.091977	26.8	102178
458	160.452369	0	326	23.8	0.092194	26.8	102178
459	160.841039	0	284	20.2	0.092451	26.8	102178
460	161.909044	0	282	20.0	0.092653	26.8	102178
461	162.188262	0	485	38.0	0.092849	26.8	102178
462	162.600330	0	149	7.1	0.093052	26.8	102179
463	163.215445	0	306	22.1	0.093254	26.8	102179
464	163.744392	0	257	17.7	0.093452	26.8	102178
465	164.661368	0	673	55.1	0.093653	26.8	102178
466	164.731942	0	149	7.1	0.093851	26.8	102178
467	164.817119	0	183	10.5	0.094049	26.8	102178
468	165.011881	0	161	8.3	0.094251	26.9	102178
469	165.166063	0	237	15.8	0.094470	26.9	102178
470	165.811792	1	909	76.7	0.094683	26.9	102178
471	166.003053	0	273	19.1	0.094889	26.9	102177
472	166.410259	0	152	7.4	0.095089	26.9	102177
473	166.601720	0	412	31.4	0.095282	26.9	102179
474	166.720207	0	454	35.2	0.095489	26.9	102179
475	166.905349	0	169	9.1	0.095683	26.9	102179
476	166.905663	0	151	7.3	0.095911	26.9	102179
477	167.086114	0	1072	90.8	0.096112	26.9	102178
478	167.092950	0	977	82.8	0.096317	26.9	102178
479	167.470530	0	230	15.1	0.096495	26.9	102178
480	167.810189	0	155	7.7	0.096707	26.9	102178
481	168.233765	0	160	8.2	0.096936	26.9	102178
482	168.284210	0	216	13.7	0.097147	26.9	102178
483	168.313767	0	212	13.3	0.097345	26.9	102178
484	168.363365	0	205	12.7	0.097548	26.9	102178
485	168.502400	0	367	27.4	0.097750	26.9	102178
486	168.590931	0	298	21.4	0.097957	26.9	102178
487	168.652813	0	153	7.5	0.098162	26.9	102178
488	169.065646	0	352	26.1	0.098369	26.9	102178
489	169.770417	0	455	35.3	0.098584	26.9	102177
490	169.788601	0	252	17.2	0.098838	26.9	102177
491	169.825906	0	345	25.5	0.099024	26.9	102177
492	169.870319	0	194	11.6	0.099236	26.9	102176
493	169.932410	0	537	42.9	0.099443	26.9	102176
494	170.193337	0	1092	92.4	0.099651	26.9	102176
495	170.239876	1	1089	92.2	0.099870	26.9	102176
496	170.341964	0	241	16.2	0.100075	26.9	102178
497	171.242419	0	808	67.3	0.100275	26.9	102178
498	171.259237	0	217	13.8	0.100478	26.9	102178
499	171.806605	0	163	8.5	0.100703	26.9	102178
500	172.198242	0	156	7.8	0.100904	26.9	102178
501	172.768882	0	357	26.5	0.101103	26.9	102177
502	173.315444	0	156	7.8	0.101308	26.9	102177
503	173.398185	0	159	8.1	0.101510	26.9	102177
504	173.603122	0	409	31.1	0.101709	26.9	102177
505	173.692392	0	368	27.5	0.101913	26.9	102176
506	173.777038	0	1228	103.8	0.102115	26.9	102176
507	173.811584	0	220	14.1	0.102321	26.9	102176
508	173.926372	0	1240	104.8	0.102523	26.9	102176
509	174.534497	0	890	74.9	0.102727	26.9	102176
510	174.788281	0	418	31.9	0.102926	26.9	102179
511	175.521769	0	166	8.8	0.103123	26.9	102179
512	175.570752	0	154	7.6	0.103322	26.9	102179
513	176.515094	0	238	15.9	0.103516	26.9	102178
514	177.148638	0	160	8.2	0.103710	26.9	102178
515	177.437507	0	297	21.3	0.103906	26.9	102178
516	177.662009	0	267	18.6	0.104112	26.9	102178
517	177.842228	0	458	35.6	0.104316	26.9	102178
518	177.949475	0	212	13.3	0.104520	26.9	102178
519	178.280249	0	177	9.9	0.104726	26.9	102178
520	178.514123	0	184	10.6	0.104926	26.9	102178
521	178.726987	0	485	38.0	0.105133	26.9	102179
522	179.054299	0	160	8.2	0.105336	26.9	102179
523	179.086756	0	394	29.8	0.105528	26.9	102179
524	179.397942	0	577	46.7	0.105744	26.9	102179
525	179.482128	0	441	34.0	0.106002	26.9	102179
526	180.084937	0	181	10.3	0.106211	26.9	102178
527	180.246635	0	228	14.9	0.106415	26.9	102178
528	180.281156	0	218	13.9	0.106616	26.9	102178
529	180.385474	0	239	16.0	0.106812	26.9	102178
530	180.417261	0	384	28.9	0.107012	26.9	102178
531	180.797817	0	822	68.6	0.107218	26.9	102178
532	181.098983	0	177	9.9	0.107419	26.9	102178
533	181.124747	0	196	11.8	0.107621	26.9	102178
534	181.331440	0	338	24.8	0.107812	26.9	102178
535	181.731625	1	787	65.3	0.108021	26.9	102178
536	182.221869	0	403	30.6	0.108222	26.9	102177
537	182.604686	0	207	12.9	0.108423	26.9	102179
538	182.938366	0	212	13.3	0.108627	26.9	102178
539	183.229306	0	148	7.0	0.108824	26.9	102178
540	183.446990	0	266	18.5	0.109021	26.9	102178
541	183.628705	0	152	7.4	0.109221	26.9	102178
542	183.850628	0	237	15.8	0.109425	26.9	102178
543	183.983481	0	244	16.5	0.109628	26.9	102178
544	184.088447	0	238	15.9	0.109829	26.9	102178
545	184.146366	0	1869	156.3	0.110029	26.9	102178
546	184.329710	0	1848	154.7	0.110231	26.9	102178
547	184.851474	0	185	10.7	0.110434	26.9	102178
548	184.944053	0	192	11.4	0.110639	26.9	102178
549	185.594185	0	225	14.6	0.110840	26.9	102177
550	185.901651	0	1241	104.9	0.111042	27.0	102177
551	185.919226	0	153	7.5	0.111252	27.0	102177
552	186.032342	0	1020	86.4	0.111436	27.0	102177
553	186.215561	0	430	33.0	0.111640	27.0	102177
554	186.569386	0	150	7.2	0.111845	27.0	102176
555	187.178760	0	222	14.3	0.112047	27.0	102178
556	187.374527	0	451	34.9	0.112249	27.0	102178
557	187.808233	0	173	9.5	0.112454	27.0	102178
558	190.374969	0	190	11.2	0.112654	27.0	102177
559	190.629038	0	334	24.5	0.112872	27.0	102179
560	190.781207	0	564	45.5	0.113129	27.0	102179
561	190.969664	0	1697	142.7	0.113341	27.0	102179
562	191.449318	0	461	35.8	0.113550	27.0	102179
563	191.577687	0	340	25.0	0.113748	27.0	102179
564	191.773150	0	384	28.9	0.113949	27.0	102179
565	192.051329	0	193	11.5	0.114147	27.0	102178
566	192.176569	0	148	7.0	0.114353	27.0	102178
567	192.483586	1	418	31.9	0.114560	27.0	102178
568	193.290049	0	360	26.8	0.114757	27.0	102178
569	193.559277	0	224	14.5	0.114958	27.0	102178
570	194.144999	0	246	16.6	0.115160	27.0	102178
571	194.189693	0	204	12.6	0.115356	27.0	102178
572	194.573742	0	178	10.0	0.115559	27.0	102178
573	194.685959	0	1329	112.2	0.115764	27.0	102178
574	194.845625	0	311	22.5	0.115966	27.0	102178
575	195.926124	0	636	52.0	0.116171	27.0	102178
576	196.302002	0	178	10.0	0.116377	27.0	102178
577	196.344201	0	578	46.8	0.116575	27.0	102178
578	196.574414	0	152	7.4	0.116774	27.0	102178
579	196.854606	0	273	19.1	0.116967	27.0	102178
580	196.982045	0	285	20.2	0.117162	27.0	102178
581	197.005279	0	158	8.0	0.117365	27.0	102178
582	197.494143	0	182	10.4	0.117562	27.0	102178
583	197.875557	0	149	7.1	0.117775	27.0	102178
584	198.136565	0	198	12.0	0.117972	27.0	102178
585	198.187696	0	218	13.9	0.118175	27.0	102178
586	198.377937	0	191	11.3	0.118374	27.0	102177
587	198.706065	0	203	12.5	0.118572	27.0	102177
588	198.716553	0	310	22.4	0.118773	27.0	102177
589	198.814695	0	155	7.7	0.118980	27.0	102177
590	198.895284	0	180	10.2	0.119181	27.0	102177
591	199.048985	0	146	6.8	0.119383	27.0	102177
592	199.333952	0	606	49.5	0.119591	27.0	102179
593	199.517719	0	658	53.9	0.119795	27.0	102179
594	200.018522	0	218	13.9	0.119994	27.0	102178
595	200.047694	0	224	14.5	0.120196	27.0	102178
596	200.559151	0	159	8.1	0.120392	27.0	102178
597	200.572704	0	218	13.9	0.120594	27.0	102178
598	200.752119	0	456	35.4	0.120788	27.0	102178
599	202.106375	0	494	38.8	0.121041	27.0	102178
600	202.193218	0	148	7.0	0.121258	27.0	102178
601	202.742706	0	595	48.4	0.121462	27.0	102177
602	203.011627	0	425	32.6	0.121660	27.0	102177
603	203.485818	0	238	15.9	0.121860	27.0	102177
604	203.515742	0	250	17.0	0.122056	27.0	102177
605	203.699483	0	1739	146.1	0.122260	27.0	102177
606	203.869092	0	619	50.6	0.122458	27.0	102177
607	204.181739	0	589	47.8	0.122660	27.0	102181
608	204.446395	0	497	39.1	0.122865	27.0	102181
609	205.214365	0	172	9.4	0.123075	27.0	102180
610	205.361055	0	254	17.4	0.123294	27.0	102180
611	205.966809	0	306	22.1	0.123495	27.0	102180
612	206.232371	0	258	17.8	0.123697	27.0	102179
613	207.896946	0	188	11.0	0.123906	27.0	102178
614	208.010924	0	289	20.6	0.124110	27.0	102178
615	208.273285	0	3478	299.0	0.124323	27.0	102178
616	208.959937	0	373	27.9	0.124533	27.0	102180
617	209.079975	0	180	10.2	0.124733	27.0	102180
618	209.173601	0	923	78.0	0.124932	27.0	102180
619	209.278737	0	155	7.7	0.125136	27.0	102180
620	209.362571	0	161	8.3	0.125334	27.0	102180
621	209.574043	0	206	12.8	0.125536	27.0	102180
622	210.647729	0	845	70.7	0.125739	27.0	102179
623	211.346477	0	283	20.1	0.125951	27.1	102179
624	211.882352	0	192	11.4	0.126219	27.1	102178
625	212.370251	0	186	10.8	0.126423	27.1	102178
626	213.017981	0	259	17.8	0.126632	27.1	102178
627	214.263433	0	387	29.2	0.126833	27.1	102179
628	214.632692	0	312	22.6	0.127036	27.1	102179
629	215.008693	0	180	10.2	0.127241	27.1	102179
630	215.592999	0	369	27.6	0.127443	27.1	102178
631	215.697287	0	252	17.2	0.127643	27.1	102178
632	215.703735	0	218	13.9	0.127844	27.1	102178
633	216.981910	0	193	11.5	0.128044	27.1	102178
634	217.402096	0	166	8.8	0.128245	27.1	102178
635	217.491411	0	164	8.6	0.128446	27.1	102178
636	218.567110	0	305	22.0	0.128645	27.1	102177
637	219.085783	0	213	13.4	0.128846	27.1	102177
638	219.242060	0	396	29.9	0.129042	27.1	102179
639	219.810125	0	150	7.2	0.129255	27.1	102178
640	221.406184	0	450	34.8	0.129457	27.1	102178
641	222.320089	0	569	45.9	0.129682	27.1	102177
642	222.357674	0	1315	111.1	0.129941	27.1	102177
643	222.446911	0	598	48.7	0.130149	27.1	102177
644	222.565861	0	173	9.5	0.130362	27.1	102177
645	222.761858	0	218	13.9	0.130559	27.1	102177
646	222.798081	0	446	34.5	0.130768	27.1	102177
647	223.508519	0	476	37.2	0.130965	27.1	102176
648	223.816105	0	506	39.9	0.131173	27.1	102176
649	224.543883	0	246	16.6	0.131372	27.1	102178
650	225.143504	1	706	57.9	0.131582	27.1	102178
651	225.347067	0	387	29.2	0.131778	27.1	102178
652	225.645908	0	161	8.3	0.131982	27.1	102178
653	225.991003	0	408	31.0	0.132188	27.1	102177
654	227.432185	0	1869	156.3	0.132389	27.1	102177
655	227.500460	0	322	23.4	0.132590	27.1	102177
656	227.609433	1	706	57.9	0.132795	27.1	102177
657	228.355567	0	156	7.8	0.132992	27.1	102177
658	228.413302	0	426	32.7	0.133199	27.1	102177
659	228.427070	0	235	15.6	0.133395	27.1	102177
660	228.572964	1	1014	85.9	0.133578	27.1	102177
661	228.648988	0	537	42.9	0.133786	27.1	102177
662	229.057362	0	164	8.6	0.133989	27.1	102176
663	229.401329	0	611	49.9	0.134200	27.1	102176
664	230.468099	0	238	15.9	0.134397	27.1	102178
665	230.906047	0	197	11.9	0.134605	27.1	102178
666	231.206285	0	211	13.2	0.134812	27.1	102178
667	231.505876	0	153	7.5	0.135010	27.1	102178
668	231.716519	0	788	65.4	0.135229	27.1	102178
669	231.809710	0	249	16.9	0.135509	27.1	102178
670	232.196254	0	152	7.4	0.135727	27.1	102178
671	232.200847	0	226	14.7	0.135939	27.1	102178
672	232.279790	0	148	7.0	0.136127	27.1	102178
673	233.426601	0	1805	151.3	0.136323	27.1	102178
674	233.570885	0	287	20.4	0.136527	27.1	102178
675	233.831129	0	2424	200.8	0.136725	27.1	102178
676	234.502363	0	284	20.2	0.136935	27.1	102178
677	234.716919	1	953	80.8	0.137144	27.1	102178
678	234.761656	0	737	60.6	0.137347	27.1	102178
679	234.765654	0	186	10.8	0.137550	27.1	102178
680	234.791282	0	179	10.1	0.137734	27.1	102178
681	235.144422	0	242	16.3	0.137939	27.1	102180
682	235.451213	0	180	10.2	0.138136	27.1	102180
683	235.590345	0	177	9.9	0.138334	27.1	102180
684	235.871741	0	417	31.9	0.138534	27.1	102180
685	236.745516	0	459	35.7	0.138738	27.1	102179
686	236.836348	0	487	38.2	0.138955	27.1	102179
687	237.153600	0	148	7.0	0.139160	27.1	102179
688	237.875682	0	624	51.0	0.139361	27.1	102178
689	238.298999	0	241	16.2	0.139570	27.2	102178
690	238.368329	0	217	13.8	0.139787	27.2	102178
691	239.139570	0	478	37.4	0.139988	27.2	102178
692	240.423944	0	2009	167.4	0.140185	27.2	102180
693	240.566134	0	149	7.1	0.140392	27.2	102180
694	240.721026	0	779	64.5	0.140592	27.2	102180
695	241.055570	0	163	8.5	0.140791	27.2	102180
696	241.064244	0	199	12.1	0.140991	27.2	102180
697	241.660930	0	378	28.4	0.141165	27.2	102180
698	242.029146	0	238	15.9	0.141386	27.2	102179
699	242.068775	0	582	47.2	0.141643	27.2	102179
700	242.121370	1	1345	113.6	0.141868	27.2	102179
701	242.762984	0	286	20.3	0.142077	27.2	102179
702	242.946863	0	161	8.3	0.142281	27.2	102179
703	243.191279	0	145	6.7	0.142483	27.2	102179
704	243.268278	0	352	26.1	0.142684	27.2	102179
705	243.914747	0	1420	119.8	0.142884	27.2	102179
706	244.436060	0	1474	124.3	0.143083	27.2	102178
707	245.831626	0	164	8.6	0.143288	27.2	102184
708	246.271902	0	291	20.8	0.143486	27.2	102183
709	246.385458	0	553	44.4	0.143685	27.2	102183
710	246.906929	0	321	23.4	0.143884	27.2	102183
711	248.021048	0	198	12.0	0.144094	27.2	102183
712	249.163202	0	291	20.8	0.144300	27.2	102180
713	249.547047	0	207	12.9	0.144502	27.2	102180
714	249.640370	0	1011	85.6	0.144698	27.2	102180
715	249.668745	0	333	24.4	0.144898	27.2	102180
716	251.340787	0	158	8.0	0.145094	27.2	102179
717	251.535410	0	798	66.3	0.145292	27.2	102179
718	251.945135	0	255	17.5	0.145496	27.2	102181
719	252.494816	0	516	40.9	0.145741	27.2	102181
720	252.755492	0	238	15.9	0.145992	27.2	102181
721	252.834894	0	934	79.1	0.146205	27.2	102181
722	252.945093	0	285	20.2	0.146409	27.2	102181
723	252.987833	0	161	8.3	0.146609	27.2	102181
724	253.049201	0	260	17.9	0.146823	27.2	102181
725	253.325955	0	222	14.3	0.147027	27.2	102181
726	253.621220	0	430	33.0	0.147239	27.2	102181
727	253.674812	0	186	10.8	0.147432	27.2	102181
728	253.851074	0	370	27.7	0.147635	27.2	102181
729	253.865764	0	261	18.0	0.147839	27.2	102180
730	254.018148	0	194	11.6	0.148062	27.2	102180
731	254.315008	0	1056	89.4	0.148267	27.2	102180
732	254.491350	0	701	57.5	0.148467	27.2	102180
733	254.635695	0	189	11.1	0.148675	27.2	102180
734	254.941859	0	201	12.3	0.148877	27.2	102180
735	255.728828	0	196	11.8	0.149081	27.2	102180
736	256.001174	0	153	7.5	0.149288	27.2	102179
737	257.311645	0	218	13.9	0.149488	27.2	102178
738	257.608763	0	173	9.5	0.149695	27.2	102178
739	257.821522	0	622	50.9	0.149889	27.2	102178
740	257.929094	0	161	8.3	0.150109	27.2	102178
741	258.539752	0	252	17.2	0.150313	27.2	102180
742	259.017594	0	248	16.8	0.150519	27.2	102180
743	259.263401	0	402	30.5	0.150717	27.2	102180
744	259.469403	0	395	29.9	0.150929	27.2	102180
745	259.566478	0	426	32.7	0.151125	27.2	102180
746	259.643953	0	230	15.1	0.151330	27.2	102180
747	260.216482	0	193	11.5	0.151534	27.2	102179
748	260.337798	0	204	12.6	0.151735	27.2	102179
749	260.987172	0	352	26.1	0.151946	27.2	102179
750	261.167312	0	328	24.0	0.152169	27.2	102178
751	261.217858	0	257	17.7	0.152369	27.2	102178
752	261.959327	0	166	8.8	0.152574	27.2	102178
753	262.971826	0	1587	133.7	0.152791	27.2	102178
754	263.512685	0	608	49.6	0.153043	27.2	102178
755	263.517909	0	212	13.3	0.153246	27.2	102178
756	263.657983	0	714	58.6	0.153419	27.2	102178
757	264.633675	0	537	42.9	0.153616	27.2	102180
758	265.077828	0	427	32.8	0.153837	27.2	102179
759	265.145220	0	1442	121.7	0.154038	27.2	102179
760	265.408219	0	378	28.4	0.154235	27.2	102179
761	265.488929	0	277	19.5	0.154437	27.2	102179
762	266.099678	0	246	16.6	0.154644	27.2	102179
763	266.389042	0	314	22.8	0.154846	27.2	102179
764	266.518703	0	168	9.0	0.155044	27.2	102179
765	266.791592	1	988	83.7	0.155256	27.2	102179
766	267.666168	0	170	9.2	0.155461	27.2	102179
767	268.814121	0	183	10.5	0.155667	27.3	102178
768	269.377142	0	660	54.1	0.155874	27.3	102178
769	269.777584	0	206	12.8	0.156076	27.3	102178
770	270.319102	0	166	8.8	0.156292	27.3	102178
771	270.858498	0	184	10.6	0.156494	27.3	102180
772	270.859284	0	374	28.0	0.156695	27.3	102180
773	270.895307	0	202	12.4	0.156872	27.3	102180
774	271.253059	0	169	9.1	0.157076	27.3	102180
775	271.374095	0	426	32.7	0.157280	27.3	102180
776	271.870046	0	206	12.8	0.157484	27.3	102180
777	272.069026	0	265	18.4	0.157687	27.3	102180
778	272.225077	0	222	14.3	0.157900	27.3	102179
779	272.327613	0	261	18.0	0.158145	27.3	102179
780	272.374420	0	200	12.2	0.158354	27.3	102179
781	273.156186	0	209	13.1	0.158548	27.3	102179
782	273.760461	1	781	64.7	0.158754	27.3	102179
783	274.267048	0	171	9.3	0.158958	27.3	102179
784	274.791371	0	472	36.8	0.159161	27.3	102179
785	275.634915	0	255	17.5	0.159357	27.3	102178
786	276.401901	0	147	6.9	0.159553	27.3	102181
787	276.491021	0	227	14.8	0.159752	27.3	102181
788	276.553445	0	870	73.1	0.159951	27.3	102181
789	276.899789	0	1010	85.6	0.160161	27.3	102181
790	276.938459	0	174	9.6	0.160371	27.3	102181
791	277.892927	0	159	8.1	0.160578	27.3	102181
792	277.911795	0	612	50.0	0.160778	27.3	102181
793	278.552182	0	451	34.9	0.160950	27.3	102180
794	278.847457	0	181	10.3	0.161151	27.3	102180
795	279.145191	0	157	7.9	0.161356	27.3	102180
796	279.291521	0	162	8.4	0.161555	27.3	102180
797	279.644022	0	523	41.5	0.161756	27.3	102180
798	279.719319	0	2063	171.6	0.161954	27.3	102180
799	279.809235	0	540	43.2	0.162155	27.3	102180
800	279.978286	0	1420	119.8	0.162362	27.3	102179
801	280.097092	0	412	31.4	0.162574	27.3	102179
802	280.571113	0	258	17.8	0.162775	27.3	102179
803	281.159886	0	193	11.5	0.162972	27.3	102179
804	281.414521	0	284	20.2	0.163176	27.3	102178
805	281.567562	0	168	9.0	0.163381	27.3	102178
806	282.034099	0	156	7.8	0.163580	27.3	102178
807	282.238698	0	743	61.2	0.163779	27.3	102178
808	282.902542	0	177	9.9	0.163996	27.3	102178
809	283.027312	0	352	26.1	0.164246	27.3	102178
810	283.242323	0	490	38.5	0.164462	27.3	102178
811	283.464717	1	1182	100.0	0.164672	27.3	102178
812	283.817940	0	177	9.9	0.164871	27.3	102180
813	284.189327	0	291	20.8	0.165071	27.3	102180
814	284.310780	0	190	11.2	0.165275	27.3	102180
815	284.592636	1	1046	88.6	0.165489	27.3	102180
816	284.593371	0	445	34.4	0.165688	27.3	102180
817	284.677482	0	2647	219.0	0.165861	27.3	102180
818	284.818779	0	532	42.4	0.166064	27.3	102180
819	285.169397	0	198	12.0	0.166263	27.3	102180
820	285.826480	0	170	9.2	0.166463	27.3	102179
821	286.603520	0	558	44.9	0.166661	27.3	102179
822	286.877474	0	170	9.2	0.166862	27.3	102178
823	286.914893	0	619	50.6	0.167074	27.3	102178
824	286.981124	0	256	17.6	0.167278	27.3	102178
825	287.739657	0	350	25.9	0.167481	27.3	102178
826	287.903067	0	362	27.0	0.167694	27.3	102178
827	288.213920	0	3492	300.3	0.167899	27.3	102178
828	288.346182	0	289	20.6	0.168111	27.3	102178
829	288.460675	0	1190	100.7	0.168308	27.3	102178
830	288.523592	0	510	40.3	0.168534	27.3	102178
831	288.806753	0	165	8.7	0.168735	27.3	102178
832	289.507619	0	189	11.1	0.168936	27.3	102178
833	289.736419	0	1665	140.2	0.169140	27.3	102178
834	289.754242	0	155	7.7	0.169344	27.3	102178
835	290.232441	0	237	15.8	0.169521	27.3	102177
836	291.021290	0	227	14.8	0.169722	27.3	102177
837	292.879074	0	213	13.4	0.169929	27.3	102181
838	293.019689	0	172	9.4	0.170146	27.3	102181
839	293.204985	0	387	29.2	0.170402	27.3	102181
840	293.466381	0	273	19.1	0.170605	27.3	102181
841	294.694111	0	1137	96.2	0.170807	27.3	102180
842	295.632446	0	740	60.9	0.171012	27.3	102180
843	295.813050	0	267	18.6	0.171210	27.3	102180
844	296.391429	0	1697	142.7	0.171407	27.3	102179
845	296.409522	0	214	13.5	0.171610	27.3	102179
846	296.693813	0	208	13.0	0.171808	27.3	102179
847	296.716135	0	254	17.4	0.172009	27.3	102179
848	296.775627	0	203	12.5	0.172209	27.3	102179
849	297.110824	0	190	11.2	0.172404	27.3	102179
850	297.474749	0	243	16.4	0.172611	27.3	102179
851	298.211049	0	272	19.1	0.172825	27.3	102179
852	298.252092	0	182	10.4	0.173045	27.3	102179
853	298.404784	0	394	29.8	0.173247	27.3	102181
854	298.412256	0	191	11.3	0.173450	27.3	102181
855	298.548177	0	260	17.9	0.173650	27.3	102181
856	299.000649	0	201	12.3	0.173849	27.3	102181
857	299.026895	0	414	31.6	0.174049	27.3	102181
858	299.334436	0	1090	92.3	0.174247	27.3	102181
859	300.790046	0	1099	93.0	0.174448	27.4	102180
860	301.945119	0	233	15.4	0.174655	27.4	102180
861	301.985411	0	196	11.8	0.174862	27.4	102180
862	302.116540	0	414	31.6	0.175063	27.4	102180
863	302.125127	0	237	15.8	0.175265	27.4	102180
864	302.734012	0	466	36.3	0.175439	27.4	102179
865	302.780427	0	169	9.1	0.175650	27.4	102179
866	303.809416	0	149	7.1	0.175848	27.4	102179
867	304.903346	0	170	9.2	0.176114	27.4	102178
868	305.048246	0	241	16.2	0.176370	27.4	102178
869	305.582015	0	159	8.1	0.176590	27.4	102178
870	305.628571	0	946	80.2	0.176792	27.4	102178
871	305.973829	0	153	7.5	0.176997	27.4	102178
872	306.921233	0	977	82.8	0.177198	27.4	102181
873	307.047205	0	382	28.7	0.177413	27.4	102181
874	307.528169	0	272	19.1	0.177613	27.4	102180
875	307.924965	0	304	21.9	0.177819	27.4	102180
876	309.317550	0	1246	105.3	0.178019	27.4	102180
877	309.552941	0	3509	301.9	0.178225	27.4	102179
878	310.332235	0	334	24.5	0.178436	27.4	102179
879	310.650344	0	179	10.1	0.178641	27.4	102179
880	311.135711	0	223	14.4	0.178840	27.4	102178
881	311.437335	0	712	58.4	0.179038	27.4	102178
882	311.568874	0	200	12.2	0.179241	27.4	102178
883	313.071764	0	405	30.8	0.179438	27.4	102180
884	313.153560	0	153	7.5	0.179640	27.4	102180
885	313.330039	0	392	29.6	0.179836	27.4	102180
886	313.585221	0	968	82.0	0.180034	27.4	102180
887	313.928525	0	438	33.8	0.180234	27.4	102180
888	314.364502	0	154	7.6	0.180453	27.4	102180
889	314.607024	0	146	6.8	0.180703	27.4	102180
890	315.261175	0	156	7.8	0.180935	27.4	102179
891	315.499561	0	808	67.3	0.181137	27.4	102179
892	315.805846	0	248	16.8	0.181342	27.4	102179
893	316.016228	0	925	78.2	0.181540	27.4	102179
894	316.180276	0	438	33.8	0.181744	27.4	102178
895	316.364982	0	257	17.7	0.181946	27.4	102178
896	316.566790	0	181	10.3	0.182144	27.4	102178
897	316.883261	0	549	44.0	0.182344	27.4	102178
898	318.217292	0	335	24.6	0.182544	27.4	102178
899	318.379517	0	150	7.2	0.182743	27.4	102178
900	319.116862	0	208	13.0	0.182946	27.4	102178
901	319.512464	0	226	14.7	0.183153	27.4	102178
902	319.720143	0	984	83.4	0.183354	27.4	102178
903	319.727662	0	1396	117.8	0.183563	27.4	102178
904	320.112780	0	2276	188.7	0.183767	27.4	102178
905	321.104223	0	186	10.8	0.183974	27.4	102179
906	321.590821	0	162	8.4	0.184178	27.4	102179
907	321.629879	0	1291	109.1	0.184378	27.4	102179
908	321.830898	0	301	21.6	0.184587	27.4	102179
909	322.521468	0	169	9.1	0.184790	27.4	102179
910	323.165621	0	1343	113.4	0.185005	27.4	102179
911	323.493269	0	275	19.3	0.185218	27.4	102179
912	323.500682	0	198	12.0	0.185416	27.4	102179
913	323.541592	1	1045	88.5	0.185604	27.4	102179
914	323.679918	0	476	37.2	0.185805	27.4	102179
915	324.222782	0	687	56.3	0.186019	27.4	102178
916	324.451062	0	172	9.4	0.186238	27.4	102178
917	324.573531	0	571	46.1	0.186486	27.4	102178
918	324.808066	0	209	13.1	0.186701	27.4	102178
919	324.998802	0	220	14.1	0.186911	27.4	102178
920	325.253874	0	148	7.0	0.187112	27.4	102178
921	325.526700	0	296	21.2	0.187317	27.4	102178
922	326.088681	0	171	9.3	0.187513	27.4	102178
923	326.227961	0	210	13.1	0.187707	27.4	102178
924	326.451258	0	407	30.9	0.187908	27.4	102178
925	326.453628	0	296	21.2	0.188116	27.4	102178
926	326.542816	0	595	48.4	0.188299	27.4	102178
927	326.615504	0	683	56.0	0.188502	27.4	102178
928	327.284384	0	3416	293.3	0.188717	27.4	102178
929	327.430142	0	208	13.0	0.188925	27.4	102178
930	327.678198	0	668	54.7	0.189129	27.4	102178
931	327.681149	0	276	19.4	0.189330	27.4	102178
932	328.131480	0	161	8.3	0.189503	27.4	102178
933	328.142927	0	226	14.7	0.189705	27.4	102178
934	328.432965	0	160	8.2	0.189890	27.4	102178
935	328.547194	0	432	33.2	0.190086	27.4	102178
936	328.650469	0	345	25.5	0.190284	27.4	102178
937	328.720022	0	241	16.2	0.190483	27.4	102181
938	328.738260	0	318	23.1	0.190682	27.4	102181
939	329.133891	0	163	8.5	0.190902	27.4	102181
940	329.427283	0	420	32.1	0.191114	27.4	102181
941	330.047521	0	157	7.9	0.191312	27.4	102181
942	330.255215	0	219	14.0	0.191513	27.4	102181
943	330.755460	0	168	9.0	0.191714	27.4	102181
944	330.823495	0	147	6.9	0.191908	27.4	102181
945	331.063070	0	347	25.6	0.192099	27.4	102181
946	331.067857	0	201	12.3	0.192298	27.4	102181
947	331.139361	0	468	36.5	0.192471	27.4	102181
948	331.218233	0	763	63.0	0.192685	27.4	102181
949	331.372491	0	207	12.9	0.192887	27.4	102181
950	331.585564	0	354	26.2	0.193094	27.4	102181
951	331.982722	0	550	44.1	0.193297	27.4	102181
952	332.312193	0	146	6.8	0.193500	27.4	102181
953	332.471911	0	730	59.9	0.193700	27.4	102181
954	332.540582	0	149	7.1	0.193904	27.4	102181
955	332.541309	0	148	7.0	0.194108	27.4	102181
956	332.749695	0	216	13.7	0.194277	27.4	102181
957	332.801981	0	150	7.2	0.194475	27.4	102181
958	332.844833	0	2934	247.7	0.194673	27.4	102181
959	332.941075	0	636	52.0	0.194882	27.4	102181
960	333.209441	0	189	11.1	0.195080	27.4	102180
961	333.476608	0	226	14.7	0.195275	27.4	102180
962	333.501736	0	291	20.8	0.195481	27.4	102180
963	333.791873	0	308	22.2	0.195681	27.4	102180
964	333.847015	0	681	55.8	0.195885	27.4	102180
965	334.118076	0	1188	100.5	0.196094	27.4	102180
966	334.219268	0	3364	288.5	0.196294	27.4	102180
967	334.391811	0	372	27.8	0.196502	27.4	102180
968	334.825383	0	305	22.0	0.196722	27.4	102180
969	335.092109	0	467	36.4	0.196980	27.4	102180
970	335.274249	0	277	19.5	0.197188	27.4	102180
971	335.912891	0	196	11.8	0.197388	27.4	102180
972	336.631723	0	220	14.1	0.197595	27.4	102183
973	336.879221	0	196	11.8	0.197800	27.4	102183
974	337.815854	0	1265	106.9	0.198002	27.4	102183
975	338.081176	1	889	74.9	0.198216	27.5	102183
976	338.290486	0	149	7.1	0.198442	27.5	102183
977	339.047287	1	2601	215.3	0.198651	27.5	102181
978	339.118341	0	377	28.3	0.198852	27.5	102181
979	339.522078	1	1219	103.1	0.199060	27.5	102181
980	339.583619	0	317	23.0	0.199293	27.5	102181
981	339.742308	0	185	10.7	0.199497	27.5	102181
982	339.869163	0	235	15.6	0.199696	27.5	102181
983	339.942413	0	219	14.0	0.199903	27.5	102181
984	339.991935	0	171	9.3	0.200093	27.5	102181
985	340.435281	0	162	8.4	0.200292	27.5	102180
986	340.908878	0	156	7.8	0.200497	27.5	102180
987	341.265983	0	191	11.3	0.200722	27.5	102180
988	341.829836	0	174	9.6	0.200928	27.5	102180
989	342.858077	0	169	9.1	0.201126	27.5	102179
990	343.019874	1	1224	103.5	0.201348	27.5	102179
991	343.171314	0	355	26.3	0.201549	27.5	102179
992	343.200225	0	150	7.2	0.201746	27.5	102179
993	343.334803	0	150	7.2	0.201949	27.5	102179
994	343.572675	0	1118	94.6	0.202148	27.5	102179
995	344.882808	0	1641	138.2	0.202350	27.5	102181
996	345.065836	0	200	12.2	0.202580	27.5	102181
997	345.585992	0	243	16.4	0.202858	27.5	102181
998	345.685068	0	147	6.9	0.203079	27.5	102181
999	346.383803	0	175	9.7	0.203283	27.5	102181
1000	346.605577	0	352	26.1	0.203489	27.5	102180
1001	346.763918	0	160	8.2	0.203687	27.5	102180
1002	347.202659	0	238	15.9	0.203883	27.5	102180
1003	348.200292	0	154	7.6	0.204086	27.5	102179
1004	348.530896	0	506	39.9	0.204287	27.5	102179
1005	348.685144	0	163	8.5	0.204486	27.5	102179
1006	349.281466	0	211	13.2	0.204690	27.5	102179
1007	349.407800	0	3381	290.1	0.204894	27.5	102179
1008	349.420075	0	290	20.7	0.205109	27.5	102179
1009	349.425952	0	1332	112.5	0.205316	27.5	102179
1010	350.476249	0	290	20.7	0.205503	27.5	102178
1011	351.906266	0	186	10.8	0.205705	27.5	102184
1012	352.108866	0	195	11.7	0.205922	27.5	102184
1013	352.127065	0	1359	114.7	0.206129	27.5	102184
1014	352.131989	0	395	29.9	0.206311	27.5	102184
1015	352.511717	0	212	13.3	0.206509	27.5	102184
1016	353.930089	0	171	9.3	0.206715	27.5	102184
1017	353.945863	0	150	7.2	0.206917	27.5	102184
1018	354.893977	0	827	69.0	0.207121	27.5	102183
1019	355.104509	1	816	68.0	0.207357	27.5	102183
1020	355.118729	0	149	7.1	0.207614	27.5	102183
1021	355.244261	0	163	8.5	0.207800	27.5	102183
1022	355.713095	0	240	16.1	0.208003	27.5	102183
1023	355.759777	0	179	10.1	0.208212	27.5	102183
1024	356.119786	0	252	17.2	0.208413	27.5	102183
1025	356.585204	0	721	59.2	0.208617	27.5	102183
1026	357.165926	0	169	9.1	0.208824	27.5	102181
1027	357.176777	0	152	7.4	0.209024	27.5	102181
1028	357.499654	0	408	31.0	0.209198	27.5	102181
1029	358.071216	0	878	73.8	0.209397	27.5	102181
1030	358.510303	0	172	9.4	0.209604	27.5	102181
1031	358.764644	1	897	75.6	0.209812	27.5	102181
1032	358.868335	0	237	15.8	0.210018	27.5	102181
1033	359.194839	0	1253	105.9	0.210222	27.5	102180
1034	359.392191	0	264	18.3	0.210428	27.5	102180
1035	359.546473	0	809	67.3	0.210631	27.5	102180
1036	359.752026	0	387	29.2	0.210834	27.5	102180
1037	360.946088	0	319	23.2	0.211035	27.5	102183
1038	361.177144	0	149	7.1	0.211237	27.5	102183
1039	361.224668	0	252	17.2	0.211436	27.5	102183
1040	361.511855	0	234	15.5	0.211633	27.5	102183
1041	362.060604	0	204	12.6	0.211826	27.5	102183
1042	362.298276	0	154	7.6	0.212035	27.5	102183
1043	362.441830	0	448	34.7	0.212234	27.5	102183
1044	362.963930	0	501	39.5	0.212439	27.5	102183
1045	363.004103	0	195	11.7	0.212642	27.5	102183
1046	363.757827	0	461	35.8	0.212841	27.5	102183
1047	364.139303	0	183	10.5	0.213042	27.5	102183
1048	365.170697	0	180	10.2	0.213243	27.5	102183
1049	365.462602	0	213	13.4	0.213459	27.5	102183
1050	365.548799	0	1292	109.2	0.213713	27.5	102183
1051	365.765728	0	164	8.6	0.213929	27.5	102183
1052	366.278299	0	444	34.3	0.214134	27.5	102181
1053	366.872730	0	1724	144.9	0.214335	27.5	102181
1054	367.091448	0	156	7.8	0.214536	27.5	102181
1055	367.271040	0	168	9.0	0.214755	27.5	102181
1056	367.298851	0	254	17.4	0.214954	27.5	102181
1057	367.604160	0	170	9.2	0.215151	27.5	102181
1058	367.868800	0	272	19.1	0.215347	27.5	102181
1059	368.048898	0	227	14.8	0.215552	27.5	102181
1060	368.246864	0	397	30.0	0.215757	27.5	102181
1061	368.852937	0	350	25.9	0.215960	27.5	102184
1062	368.935030	0	187	10.9	0.216161	27.5	102184
1063	369.714730	0	299	21.5	0.216362	27.5	102184
1064	370.018669	0	226	14.7	0.216558	27.5	102183
1065	371.001629	0	431	33.1	0.216758	27.5	102183
1066	371.031735	0	165	8.7	0.216962	27.5	102183
1067	371.104719	0	218	13.9	0.217170	27.5	102183
1068	371.455574	0	373	27.9	0.217375	27.5	102183
1069	372.784126	0	246	16.6	0.217582	27.5	102181
1070	373.513725	0	195	11.7	0.217786	27.5	102181
1071	373.555605	0	210	13.1	0.217995	27.5	102181
1072	373.643524	0	166	8.8	0.218191	27.5	102181
1073	374.074815	0	207	12.9	0.218385	27.5	102181
1074	374.137718	0	851	71.3	0.218598	27.5	102181
1075	374.418480	0	210	13.1	0.218806	27.5	102181
1076	374.933008	0	446	34.5	0.219009	27.5	102180
1077	375.140376	0	197	11.9	0.219214	27.5	102180
1078	375.766202	0	163	8.5	0.219417	27.5	102180
1079	376.057148	0	547	43.8	0.219641	27.5	102179
1080	376.344863	0	466	36.3	0.219916	27.5	102179
1081	376.350108	0	148	7.0	0.220123	27.5	102179
1082	376.536068	0	553	44.4	0.220298	27.5	102179
1083	376.842099	0	661	54.1	0.220506	27.5	102179
1084	377.000097	0	328	24.0	0.220715	27.5	102179
1085	377.164609	1	669	54.8	0.220928	27.5	102179
1086	377.293794	0	1010	85.6	0.221135	27.5	102179
1087	377.594019	0	958	81.2	0.221332	27.5	102183
1088	377.671871	0	330	24.1	0.221536	27.5	102183
1089	377.710501	0	503	39.7	0.221736	27.5	102183
1090	377.732039	0	206	12.8	0.221951	27.5	102183
1091	378.102950	0	147	6.9	0.222157	27.5	102181
1092	378.550765	0	576	46.6	0.222356	27.5	102181
1093	378.889128	0	285	20.2	0.222558	27.5	102181
1094	379.073381	0	158	8.0	0.222762	27.5	102181
1095	379.514037	0	250	17.0	0.222962	27.5	102181
1096	379.685541	0	350	25.9	0.223163	27.5	102181
1097	379.809187	0	164	8.6	0.223367	27.5	102181
1098	379.849650	0	690	56.6	0.223568	27.5	102181
1099	379.953481	0	194	11.6	0.223770	27.5	102181
1100	380.225524	0	745	61.3	0.223973	27.5	102181
1101	380.434008	0	163	8.5	0.224176	27.5	102181
1102	380.632162	0	333	24.4	0.224374	27.5	102181
1103	380.785571	0	162	8.4	0.224580	27.5	102181
1104	380.950618	0	320	23.3	0.224782	27.5	102181
1105	381.506819	0	179	10.1	0.224986	27.5	102180
1106	382.134965	0	202	12.4	0.225187	27.5	102180
1107	382.144744	0	158	8.0	0.225392	27.5	102180
1108	382.982023	1	939	79.5	0.225602	27.5	102180
1109	383.539685	0	175	9.7	0.225802	27.5	102179
1110	383.726668	0	486	38.1	0.226006	27.5	102179
1111	384.271870	0	222	14.3	0.226208	27.5	102179
1112	385.174398	0	715	58.7	0.226408	27.5	102178
1113	385.979664	0	1118	94.6	0.226612	27.5	102178
1114	386.301946	0	256	17.6	0.226835	27.5	102179
1115	386.634105	0	379	28.5	0.227095	27.6	102178
1116	387.102700	0	237	15.8	0.227338	27.6	102178
1117	387.241062	0	230	15.1	0.227547	27.6	102181
1118	387.612472	0	156	7.8	0.227748	27.6	102181
1119	388.549962	0	397	30.0	0.227951	27.6	102181
1120	388.619003	0	865	72.6	0.228152	27.6	102180
1121	388.885549	0	527	41.9	0.228357	27.6	102180
1122	389.457838	0	317	23.0	0.228568	27.6	102180
1123	389.989050	0	149	7.1	0.228771	27.6	102180
1124	390.050598	0	202	12.4	0.228970	27.6	102180
1125	390.452472	0	864	72.5	0.229173	27.6	102180
1126	391.490866	0	1372	115.8	0.229392	27.6	102179
1127	391.634872	0	337	24.8	0.229602	27.6	102179
1128	392.095912	0	669	54.8	0.229804	27.6	102179
1129	392.270581	0	495	38.9	0.230003	27.6	102179
1130	392.357247	0	201	12.3	0.230207	27.6	102179
1131	392.424544	0	353	26.2	0.230415	27.6	102179
1132	392.816735	0	381	28.6	0.230622	27.6	102179
1133	393.575523	0	230	15.1	0.230830	27.6	102178
1134	393.617547	0	2190	181.7	0.231033	27.6	102178
1135	393.789145	0	964	81.7	0.231251	27.6	102178
1136	394.122488	0	213	13.4	0.231474	27.6	102178
1137	394.813920	0	958	81.2	0.231682	27.6	102180
1138	394.959239	0	258	17.8	0.231881	27.6	102180
1139	395.637081	0	433	33.3	0.232083	27.6	102180
1140	396.073643	1	910	76.8	0.232293	27.6	102180
1141	396.891972	0	318	23.1	0.232523	27.6	102179
1142	397.112332	0	1624	136.8	0.232776	27.6	102179
1143	397.585251	0	147	6.9	0.232994	27.6	102179
1144	399.000885	0	318	23.1	0.233202	27.6	102178
1145	399.490038	0	244	16.5	0.233405	27.6	102178
1146	399.491378	0	285	20.2	0.233606	27.6	102178
1147	399.565200	0	203	12.5	0.233781	27.6	102178
1148	399.903179	0	288	20.5	0.233987	27.6	102178
1149	400.478962	0	333	24.4	0.234188	27.6	102178
1150	400.871515	0	2272	188.4	0.234396	27.6	102178
1151	401.248853	0	232	15.3	0.234600	27.6	102178
1152	401.897160	0	149	7.1	0.234823	27.6	102178
1153	402.706167	0	299	21.5	0.235036	27.6	102177
1154	402.809120	0	305	22.0	0.235242	27.6	102177
1155	403.293853	0	158	8.0	0.235449	27.6	102177
1156	403.598229	0	413	31.5	0.235648	27.6	102177
1157	403.644595	0	232	15.3	0.235856	27.6	102177
1158	404.767022	1	785	65.1	0.236073	27.6	102178
1159	404.777802	0	366	27.3	0.236270	27.6	102178
1160	406.494679	0	526	41.8	0.236443	27.6	102178
1161	406.565966	0	214	13.5	0.236664	27.6	102178
1162	407.311320	0	254	17.4	0.236916	27.6	102178
1163	407.321556	0	162	8.4	0.237130	27.6	102178
1164	407.552293	0	154	7.6	0.237308	27.6	102178
1165	407.913527	0	177	9.9	0.237506	27.6	102177
1166	407.962695	0	360	26.8	0.237700	27.6	102177
1167	408.125757	0	1105	93.5	0.237902	27.6	102177
1168	408.310053	0	563	45.4	0.238105	27.6	102177
1169	408.432662	0	193	11.5	0.238309	27.6	102177
1170	408.448677	0	520	41.3	0.238507	27.6	102177
1171	408.708590	0	474	37.0	0.238685	27.6	102177
1172	409.112832	0	187	10.9	0.238887	27.6	102177
1173	409.139623	0	294	21.0	0.239091	27.6	102177
1174	409.905484	0	2893	243.5	0.239292	27.6	102177
1175	411.799150	0	281	19.9	0.239500	27.6	102176
1176	411.801865	1	818	68.2	0.239712	27.6	102176
1177	411.980058	0	212	13.3	0.239893	27.6	102176
1178	412.419313	0	316	22.9	0.240098	27.6	102176
1179	412.715490	0	146	6.8	0.240295	27.6	102180
1180	412.889538	0	151	7.3	0.240498	27.6	102180
1181	413.231023	0	258	17.8	0.240701	27.6	102180
1182	413.841307	0	213	13.4	0.240907	27.6	102180
1183	414.254206	1	296	21.2	0.241116	27.6	102180
1184	414.379234	0	174	9.6	0.241317	27.6	102180
1185	414.416252	0	508	40.1	0.241513	27.6	102180
1186	414.739408	0	209	13.1	0.241708	27.6	102180
1187	415.105797	0	295	21.1	0.241910	27.6	102180
1188	415.149376	0	344	25.4	0.242109	27.6	102179
1189	415.223559	0	182	10.4	0.242320	27.6	102179
1190	415.638197	0	181	10.3	0.242526	27.6	102179
1191	415.798516	0	409	31.1	0.242732	27.6	102179
1192	416.327949	0	1348	113.8	0.242935	27.6	102179
1193	416.639526	1	1345	113.6	0.243151	27.6	102179
1194	417.156735	0	1110	94.0	0.243376	27.6	102179
1195	417.619904	0	147	6.9	0.243631	27.6	102179
1196	418.027455	1	1380	116.5	0.243855	27.6	102178
1197	418.285429	0	212	13.3	0.244062	27.6	102178
1198	418.541928	1	1283	108.4	0.244271	27.6	102178
1199	419.366467	0	606	49.5	0.244482	27.6	102178
1200	419.452902	0	226	14.7	0.244686	27.6	102178
1201	419.715346	0	252	17.2	0.244884	27.6	102178
1202	420.483895	0	209	13.1	0.245081	27.6	102178
1203	420.575315	0	453	35.1	0.245282	27.6	102178
1204	420.580382	0	2062	171.6	0.245484	27.6	102178
1205	421.385910	0	800	66.5	0.245666	27.6	102178
1206	422.534068	0	570	46.0	0.245871	27.6	102178
1207	423.156842	0	810	67.4	0.246070	27.6	102178
1208	423.360073	0	179	10.1	0.246267	27.6	102178
1209	423.370659	0	225	14.6	0.246467	27.6	102178
1210	423.630762	0	467	36.4	0.246639	27.6	102178
1211	424.146818	0	320	23.3	0.246839	27.6	102179
1212	424.422384	0	684	56.1	0.247033	27.6	102179
1213	424.434229	0	851	71.3	0.247237	27.6	102179
1214	424.557357	0	3552	305.8	0.247437	27.6	102179
1215	424.634842	0	150	7.2	0.247651	27.6	102179
1216	426.463896	0	349	25.8	0.247857	27.6	102178
1217	427.224360	0	219	14.0	0.248064	27.6	102178
1218	427.652964	0	193	11.5	0.248283	27.6	102178
1219	427.720461	0	265	18.4	0.248537	27.6	102178
1220	427.721511	0	518	41.1	0.248754	27.6	102178
1221	427.722841	0	159	8.1	0.248932	27.6	102178
1222	428.293387	0	201	12.3	0.249104	27.6	102178
1223	429.067181	1	248	16.8	0.249314	27.6	102178
1224	429.884271	0	197	11.9	0.249517	27.6	102178
1225	429.931732	0	146	6.8	0.249721	27.6	102178
1226	429.933063	0	323	23.5	0.249922	27.6	102178
1227	430.050106	0	331	24.2	0.250098	27.6	102178
1228	430.319841	0	200	12.2	0.250301	27.6	102178
1229	430.477297	0	161	8.3	0.250506	27.6	102178
1230	430.660094	0	2589	214.3	0.250700	27.6	102178
1231	431.032719	0	185	10.7	0.250915	27.6	102178
1232	431.656395	0	245	16.6	0.251125	27.6	102177
1233	432.070606	0	261	18.0	0.251326	27.6	102177
1234	432.632736	0	187	10.9	0.251527	27.6	102177
1235	432.673532	0	147	6.9	0.251737	27.6	102177
1236	432.793992	0	481	37.7	0.251937	27.6	102177
1237	433.324551	0	171	9.3	0.252140	27.6	102177
1238	434.201792	0	164	8.6	0.252349	27.6	102178
1239	434.790792	0	238	15.9	0.252548	27.7	102178
1240	434.899617	0	197	11.9	0.252751	27.7	102178
1241	434.981936	0	874	73.4	0.252946	27.7	102178
1242	435.249789	0	850	71.2	0.253143	27.7	102178
1243	435.449431	0	150	7.2	0.253345	27.7	102178
1244	435.851629	0	176	9.8	0.253553	27.7	102178
1245	436.150382	0	185	10.7	0.253759	27.7	102178
1246	436.815438	0	173	9.5	0.253962	27.7	102178
1247	436.924685	0	206	12.8	0.254180	27.7	102178
1248	437.014558	0	226	14.7	0.254389	27.7	102178
1249	437.413935	0	250	17.0	0.254593	27.7	102178
1250	437.606408	0	244	16.5	0.254816	27.7	102178
1251	437.823496	0	241	16.2	0.255073	27.7	102178
1252	438.191838	0	154	7.6	0.255290	27.7	102178
1253	438.246520	0	310	22.4	0.255504	27.7	102178
1254	439.005480	0	195	11.7	0.255703	27.7	102178
1255	439.735249	0	160	8.2	0.255907	27.7	102178
1256	439.793006	1	1355	114.4	0.256115	27.7	102177
1257	439.796444	0	1032	87.4	0.256320	27.7	102177
1258	439.960149	0	173	9.5	0.256500	27.7	102177
1259	439.977242	0	258	17.8	0.256698	27.7	102177
1260	441.081271	0	179	10.1	0.256873	27.7	102178
1261	441.300176	0	1042	88.2	0.257082	27.7	102178
1262	441.405927	0	172	9.4	0.257284	27.7	102178
1263	441.463829	0	445	34.4	0.257480	27.7	102178
1264	441.488238	0	3486	299.8	0.257681	27.7	102178
1265	441.510108	0	321	23.4	0.257891	27.7	102178
1266	441.680192	0	394	29.8	0.258102	27.7	102177
1267	442.002461	1	1775	148.9	0.258312	27.7	102177
1268	442.482331	0	241	16.2	0.258519	27.7	102177
1269	442.641451	0	156	7.8	0.258719	27.7	102179
1270	442.901979	0	160	8.2	0.258926	27.7	102179
1271	443.051471	0	522	41.4	0.259129	27.7	102179
1272	443.415273	1	740	60.9	0.259335	27.7	102179
1273	443.613367	0	189	11.1	0.259541	27.7	102178
1274	443.634542	0	272	19.1	0.259746	27.7	102178
1275	444.485033	0	375	28.1	0.259951	27.7	102178
1276	444.677573	0	499	39.3	0.260162	27.7	102178
1277	444.724366	0	1245	105.2	0.260366	27.7	102178
1278	444.776112	0	553	44.4	0.260567	27.7	102178
1279	445.497998	0	201	12.3	0.260768	27.7	102178
1280	446.323879	0	653	53.5	0.260972	27.7	102178
1281	447.277274	0	246	16.6	0.261173	27.7	102178
1282	447.401735	0	712	58.4	0.261373	27.7	102178
1283	447.705671	0	166	8.8	0.261574	27.7	102178
1284	447.849047	0	164	8.6	0.261798	27.7	102178
1285	448.725852	0	270	18.9	0.262053	27.7	102178
1286	449.579269	0	170	9.2	0.262270	27.7	102178
1287	450.570136	0	152	7.4	0.262475	27.7	102178
1288	451.583093	0	255	17.5	0.262675	27.7	102178
1289	452.828717	0	944	80.0	0.262877	27.7	102178
1290	452.884690	1	557	44.8	0.263089	27.7	102178
1291	452.969792	0	220	14.1	0.263289	27.7	102178
1292	453.038128	0	262	18.1	0.263494	27.7	102178
1293	453.884352	0	146	6.8	0.263701	27.7	102180
1294	453.953844	0	150	7.2	0.263899	27.7	102180
1295	454.527752	0	212	13.3	0.264097	27.7	102180
1296	454.601413	0	188	11.0	0.264304	27.7	102180
1297	455.284533	0	236	15.7	0.264506	27.7	102180
1298	455.315716	0	163	8.5	0.264714	27.7	102180
1299	456.444115	0	195	11.7	0.264920	27.7	102179
1300	456.679443	0	192	11.4	0.265127	27.7	102179
1301	457.120741	0	371	27.7	0.265329	27.7	102179
1302	457.264126	0	221	14.2	0.265538	27.7	102179
1303	457.361370	0	434	33.4	0.265740	27.7	102179
1304	458.171992	0	2122	176.3	0.265951	27.7	102178
1305	458.853697	0	422	32.3	0.266175	27.7	102178
1306	459.556507	0	172	9.4	0.266433	27.7	102178
1307	459.781487	0	201	12.3	0.266643	27.7	102178
1308	459.855857	0	310	22.4	0.266851	27.7	102178
1309	459.985713	0	1390	117.3	0.267052	27.7	102178
1310	459.999323	0	158	8.0	0.267259	27.7	102178
1311	460.592767	0	212	13.3	0.267456	27.7	102178
1312	461.327486	1	731	60.0	0.267678	27.7	102178
1313	461.439466	0	203	12.5	0.267880	27.7	102178
1314	461.663150	0	155	7.7	0.268085	27.7	102178
1315	461.702653	0	558	44.9	0.268302	27.7	102178
1316	462.529307	0	154	7.6	0.268505	27.7	102178
1317	462.850270	0	158	8.0	0.268707	27.7	102178
1318	463.110933	0	418	31.9	0.268917	27.7	102178
1319	463.433639	0	282	20.0	0.269121	27.7	102178
1320	463.743701	0	180	10.2	0.269325	27.7	102178
1321	464.654025	0	1604	135.1	0.269526	27.7	102179
1322	464.848556	0	289	20.6	0.269734	27.7	102179
1323	465.053292	0	277	19.5	0.269944	27.7	102179
1324	465.438809	1	834	69.7	0.270176	27.7	102179
1325	465.709345	0	187	10.9	0.270377	27.7	102179
1326	466.029634	0	709	58.2	0.270579	27.7	102179
1327	466.368000	0	419	32.0	0.270783	27.7	102178
1328	468.481024	0	170	9.2	0.270987	27.7	102178
1329	468.756170	0	214	13.5	0.271207	27.7	102178
1330	468.832575	0	641	52.5	0.271466	27.7	102178
1331	469.412073	0	148	7.0	0.271687	27.7	102178
1332	469.729318	0	260	17.9	0.271897	27.7	102178
1333	469.778609	0	156	7.8	0.272096	27.7	102178
1334	470.275969	0	205	12.7	0.272296	27.7	102178
1335	470.348553	0	347	25.6	0.272513	27.7	102178
1336	471.143552	0	213	13.4	0.272717	27.7	102177
1337	471.147844	0	3437	295.2	0.272927	27.7	102177
1338	471.253310	0	242	16.3	0.273112	27.7	102177
1339	471.464694	0	206	12.8	0.273321	27.7	102177
1340	472.130647	0	793	65.8	0.273542	27.7	102177
1341	472.490026	0	162	8.4	0.273751	27.7	102177
1342	472.496153	0	178	10.0	0.273952	27.7	102177
1343	472.881243	0	154	7.6	0.274123	27.7	102177
1344	473.986722	0	187	10.9	0.274326	27.7	102177
1345	474.279819	0	260	17.9	0.274533	27.7	102176
1346	474.659758	0	146	6.8	0.274733	27.7	102178
1347	474.715358	0	455	35.3	0.274936	27.7	102178
1348	474.896700	0	352	26.1	0.275147	27.7	102178
1349	476.246704	1	793	65.8	0.275356	27.7	102178
1350	476.991167	0	763	63.0	0.275559	27.7	102178
1351	477.204060	0	165	8.7	0.275764	27.7	102178
1352	477.502596	0	243	16.4	0.275968	27.7	102178
1353	477.532155	0	252	17.2	0.276170	27.7	102178
1354	477.742918	1	1045	88.5	0.276384	27.7	102178
1355	478.188873	0	438	33.8	0.276584	27.7	102178
1356	478.814660	0	1096	92.8	0.276806	27.7	102178
1357	479.059243	0	229	15.0	0.277029	27.7	102178
1358	479.382345	0	283	20.1	0.277297	27.7	102178
1359	479.478087	0	1197	101.3	0.277511	27.7	102178
1360	480.332184	0	364	27.1	0.277722	27.7	102177
1361	480.517612	0	258	17.8	0.277920	27.7	102177
1362	480.869393	0	333	24.4	0.278123	27.7	102177
1363	481.930192	0	1152	97.5	0.278321	27.8	102177
1364	482.056568	0	197	11.9	0.278525	27.8	102177
1365	482.226017	0	155	7.7	0.278727	27.8	102177
1366	482.667896	0	451	34.9	0.278929	27.8	102177
1367	482.838780	0	210	13.1	0.279137	27.8	102177
1368	483.505387	0	404	30.7	0.279343	27.8	102176
1369	483.636832	0	165	8.7	0.279549	27.8	102176
1370	483.782504	0	475	37.1	0.279755	27.8	102176
1371	483.929185	0	3510	302.0	0.279966	27.8	102176
1372	483.991566	0	587	47.6	0.280193	27.8	102176
1373	484.046086	0	487	38.2	0.280398	27.8	102176
1374	484.409106	0	232	15.3	0.280604	27.8	102176
1375	484.814014	0	262	18.1	0.280824	27.8	102178
1376	485.107069	0	177	9.9	0.281026	27.8	102178
1377	485.146617	0	206	12.8	0.281231	27.8	102178
1378	485.204601	0	530	42.2	0.281433	27.8	102178
1379	485.875786	0	233	15.4	0.281635	27.8	102178
1380	485.979713	0	576	46.6	0.281835	27.8	102178
1381	486.500249	0	717	58.8	0.282038	27.8	102178
1382	487.250109	1	347	25.6	0.282271	27.8	102177
1383	487.797805	0	266	18.5	0.282482	27.8	102177
1384	487.861584	0	166	8.8	0.282688	27.8	102177
1385	488.222371	0	233	15.4	0.282892	27.8	102178
1386	488.599788	0	159	8.1	0.283097	27.8	102177
1387	488.633913	0	481	37.7	0.283294	27.8	102177
1388	489.240923	0	1240	104.8	0.283504	27.8	102177
1389	489.535046	0	473	36.9	0.283725	27.8	102177
1390	490.210139	0	621	50.8	0.283984	27.8	102177
1391	491.139391	0	261	18.0	0.284200	27.8	102177
1392	491.224169	0	305	22.0	0.284406	27.8	102177
1393	491.335599	0	162	8.4	0.284613	27.8	102177
1394	491.784096	0	161	8.3	0.284829	27.8	102177
1395	492.075708	0	570	46.0	0.285037	27.8	102177
1396	492.270729	0	150	7.2	0.285243	27.8	102177
1397	492.297740	1	3489	300.0	0.285462	27.8	102177
1398	492.726487	0	539	43.1	0.285685	27.8	102177
1399	493.195442	0	297	21.3	0.285886	27.8	102177
1400	493.942863	0	437	33.7	0.286091	27.8	102176
1401	495.734367	0	385	29.0	0.286290	27.8	102176
1402	495.908396	0	174	9.6	0.286494	27.8	102176
1403	496.024574	0	156	7.8	0.286703	27.8	102176
1404	496.484631	0	201	12.3	0.286908	27.8	102176
1405	496.902593	0	153	7.5	0.287106	27.8	102176
1406	497.267596	0	188	11.0	0.287318	27.8	102176
1407	497.270024	0	148	7.0	0.287522	27.8	102176
1408	498.172309	0	1017	86.1	0.287740	27.8	102180
1409	499.241359	0	147	6.9	0.287946	27.8	102179
1410	499.743742	0	230	15.1	0.288164	27.8	102179
1411	499.944123	0	211	13.2	0.288418	27.8	102179
1412	500.838863	0	169	9.1	0.288628	27.8	102179
1413	501.510951	0	637	52.1	0.288837	27.8	102179
1414	502.097483	0	195	11.7	0.289044	27.8	102179
1415	502.504453	0	1094	92.6	0.289250	27.8	102179
1416	502.768926	0	225	14.6	0.289457	27.8	102179
1417	503.115227	0	202	12.4	0.289662	27.8	102178
1418	503.213977	0	303	21.8	0.289876	27.8	102178
1419	503.378995	0	344	25.4	0.290082	27.8	102178
1420	504.570609	0	3491	300.2	0.290288	27.8	102178
1421	504.720597	0	153	7.5	0.290496	27.8	102178
1422	504.795348	0	1299	109.7	0.290696	27.8	102178
1423	504.913781	0	472	36.8	0.290895	27.8	102178
1424	505.576973	0	846	70.8	0.291098	27.8	102178
1425	505.964500	0	239	16.0	0.291296	27.8	102178
1426	506.038364	0	284	20.2	0.291502	27.8	102178
1427	506.540541	0	162	8.4	0.291705	27.8	102178
1428	507.516993	1	1134	96.0	0.291917	27.8	102178
1429	507.891353	0	480	37.6	0.292119	27.8	102178
1430	508.119282	0	299	21.5	0.292336	27.8	102178
1431	509.037948	0	293	20.9	0.292540	27.8	102178
1432	509.089783	0	394	29.8	0.292745	27.8	102178
1433	509.648259	0	476	37.2	0.292954	27.8	102178
1434	509.852815	0	365	27.2	0.293181	27.8	102179
1435	510.065011	0	179	10.1	0.293436	27.8	102179
1436	510.244766	0	264	18.3	0.293656	27.8	102179
1437	510.500674	0	265	18.4	0.293857	27.8	102179
1438	511.124727	0	146	6.8	0.294058	27.8	102179
1439	511.146160	0	165	8.7	0.294260	27.8	102179
1440	511.577522	0	468	36.5	0.294460	27.8	102179
1441	511.983230	0	214	13.5	0.294663	27.8	102179
1442	512.424122	0	229	15.0	0.294873	27.8	102178
1443	512.431745	0	267	18.6	0.295079	27.8	102178
1444	512.529824	0	149	7.1	0.295256	27.8	102178
1445	512.650364	0	278	19.6	0.295461	27.8	102178
1446	513.215314	0	457	35.5	0.295666	27.8	102178
1447	513.512742	0	653	53.5	0.295877	27.8	102178
1448	513.721959	0	1791	150.2	0.296077	27.8	102178
1449	513.849407	0	149	7.1	0.296289	27.8	102178
1450	514.640435	1	316	22.9	0.296521	27.8	102178
1451	515.130869	0	214	13.5	0.296745	27.8	102178
1452	515.346220	0	179	10.1	0.296948	27.8	102178
1453	515.795353	0	161	8.3	0.297149	27.8	102178
1454	516.121080	0	182	10.4	0.297351	27.8	102178
1455	516.160529	0	1332	112.5	0.297550	27.8	102178
1456	516.418754	0	190	11.2	0.297755	27.8	102178
1457	516.954251	1	819	68.3	0.297964	27.8	102178
1458	517.410421	0	251	17.1	0.298163	27.8	102178
1459	517.552987	0	269	18.8	0.298383	27.8	102178
1460	517.809825	1	925	78.2	0.298602	27.8	102178
1461	518.340333	0	169	9.1	0.298805	27.8	102178
1462	519.556436	0	177	9.9	0.299004	27.8	102180
1463	520.831173	0	152	7.4	0.299209	27.8	102179
1464	520.917023	0	374	28.0	0.299432	27.8	102179
1465	521.312266	0	195	11.7	0.299717	27.8	102179
1466	521.493054	0	186	10.8	0.299949	27.8	102179
1467	521.648508	0	225	14.6	0.300164	27.8	102179
1468	521.708901	0	197	11.9	0.300369	27.8	102179
1469	521.849264	0	321	23.4	0.300590	27.8	102179
1470	522.037511	0	149	7.1	0.300803	27.8	102179
1471	522.044379	0	162	8.4	0.301004	27.8	102179
1472	522.075035	0	367	27.4	0.301178	27.8	102179
1473	522.132550	0	312	22.6	0.301381	27.8	102179
1474	522.488283	0	158	8.0	0.301605	27.8	102179
1475	523.084498	0	436	33.6	0.301798	27.8	102179
1476	523.558771	0	1490	125.6	0.302006	27.8	102178
1477	524.419503	0	788	65.4	0.302213	27.8	102178
1478	524.615744	0	645	52.8	0.302418	27.8	102178
1479	524.621279	0	443	34.2	0.302620	27.8	102178
1480	524.779735	0	947	80.3	0.302831	27.8	102178
1481	524.826738	0	147	6.9	0.303034	27.8	102178
1482	524.966959	0	328	24.0	0.303230	27.8	102178
1483	525.549676	0	308	22.2	0.303434	27.8	102178
1484	525.803406	0	168	9.0	0.303635	27.8	102178
1485	525.880324	0	392	29.6	0.303831	27.8	102178
1486	526.039413	0	193	11.5	0.304034	27.8	102178
1487	526.063513	0	362	27.0	0.304235	27.8	102178
1488	526.307122	0	363	27.0	0.304444	27.8	102178
1489	526.435636	0	201	12.3	0.304653	27.8	102178
1490	527.952337	0	199	12.1	0.304859	27.8	102178
1491	528.008256	0	434	33.4	0.305063	27.8	102178
1492	528.412873	0	219	14.0	0.305265	27.8	102178
1493	528.961139	0	187	10.9	0.305464	27.8	102178
1494	529.428224	0	254	17.4	0.305667	27.8	102178
1495	529.605717	0	188	11.0	0.305870	27.8	102178
1496	529.639837	0	229	15.0	0.306067	27.8	102178
1497	529.833222	0	1596	134.5	0.306267	27.8	102178
1498	530.741112	0	1299	109.7	0.306469	27.8	102179
1499	533.142655	0	514	40.7	0.306679	27.8	102178
1500	533.240688	0	1422	120.0	0.306894	27.8	102178
1501	533.255460	0	360	26.8	0.307144	27.8	102178
1502	533.639693	0	1155	97.7	0.307359	27.8	102178
1503	533.710729	0	164	8.6	0.307573	27.8	102178
1504	533.817776	0	322	23.4	0.307771	27.8	102178
1505	533.911430	0	277	19.5	0.307968	27.8	102178
1506	534.197341	0	347	25.6	0.308169	27.8	102178
1507	534.863401	0	442	34.1	0.308371	27.8	102178
1508	534.870125	0	165	8.7	0.308570	27.8	102178
1509	535.629266	0	213	13.4	0.308744	27.8	102178
1510	535.770624	0	265	18.4	0.308942	27.8	102178
1511	536.346276	0	158	8.0	0.309143	27.8	102178
1512	536.984174	0	156	7.8	0.309343	27.8	102178
1513	537.248264	0	792	65.7	0.309543	27.8	102178
1514	537.606804	0	188	11.0	0.309745	27.8	102178
1515	537.649976	0	257	17.7	0.309949	27.8	102178
1516	537.682745	0	224	14.5	0.310166	27.8	102178
1517	538.304090	0	212	13.3	0.310373	27.9	102178
1518	538.342655	0	528	42.0	0.310571	27.9	102178
1519	538.676424	0	246	16.6	0.310778	27.9	102178
1520	538.812380	0	173	9.5	0.310973	27.9	102177
1521	538.878342	1	671	55.0	0.311188	27.9	102177
1522	539.851908	0	163	8.5	0.311386	27.9	102179
1523	539.869801	0	728	59.8	0.311583	27.9	102179
1524	540.419019	0	598	48.7	0.311791	27.9	102179
1525	540.973535	0	177	9.9	0.311996	27.9	102178
1526	540.981673	0	179	10.1	0.312194	27.9	102178
1527	541.021535	0	192	11.4	0.312366	27.9	102178
1528	541.224372	0	163	8.5	0.312562	27.9	102178
1529	541.241420	0	271	19.0	0.312766	27.9	102178
1530	541.617188	0	155	7.7	0.312992	27.9	102178
1531	542.677139	0	178	10.0	0.313192	27.9	102178
1532	542.768194	0	157	7.9	0.313401	27.9	102178
1533	543.270002	0	150	7.2	0.313624	27.9	102178
1534	543.445089	0	158	8.0	0.313844	27.9	102178
1535	543.601660	0	177	9.9	0.314101	27.9	102178
1536	544.244431	0	574	46.4	0.314316	27.9	102178
1537	544.598985	0	251	17.1	0.314524	27.9	102178
1538	545.991400	0	470	36.7	0.314733	27.9	102178
1539	546.258948	0	148	7.0	0.314955	27.9	102178
1540	546.354138	0	349	25.8	0.315158	27.9	102178
1541	546.723743	0	309	22.3	0.315356	27.9	102178
1542	546.901208	0	155	7.7	0.315556	27.9	102178
1543	547.064469	0	170	9.2	0.315757	27.9	102178
1544	547.075658	0	185	10.7	0.315975	27.9	102178
1545	547.760597	0	209	13.1	0.316165	27.9	102178
1546	548.036427	0	1015	86.0	0.316366	27.9	102178
1547	548.421144	0	194	11.6	0.316574	27.9	102178
1548	548.483507	0	172	9.4	0.316782	27.9	102178
1549	548.530974	0	1042	88.2	0.316981	27.9	102178
1550	548.684908	0	274	19.2	0.317186	27.9	102178
1551	548.761503	0	235	15.6	0.317386	27.9	102178
1552	549.346955	0	581	47.1	0.317604	27.9	102178
1553	550.190261	0	196	11.8	0.317803	27.9	102177
1554	551.171844	0	644	52.7	0.318006	27.9	102179
1555	551.396260	0	397	30.0	0.318205	27.9	102179
1556	551.967479	0	190	11.2	0.318401	27.9	102178
1557	552.310581	0	212	13.3	0.318603	27.9	102178
1558	552.560151	0	272	19.1	0.318815	27.9	102178
1559	552.967112	0	214	13.5	0.319017	27.9	102178
1560	553.675877	0	248	16.8	0.319220	27.9	102178
1561	555.426684	0	202	12.4	0.319449	27.9	102178
1562	555.601679	0	169	9.1	0.319722	27.9	102178
1563	556.030388	0	211	13.2	0.319944	27.9	102178
1564	556.149693	0	311	22.5	0.320146	27.9	102178
1565	556.542764	0	221	14.2	0.320346	27.9	102178
1566	556.819260	0	148	7.0	0.320551	27.9	102177
1567	557.300405	0	168	9.0	0.320748	27.9	102177
1568	557.331150	0	176	9.8	0.320943	27.9	102177
1569	557.397632	0	152	7.4	0.321151	27.9	102177
1570	557.435447	0	323	23.5	0.321356	27.9	102177
1571	557.871521	0	286	20.3	0.321571	27.9	102177
1572	557.946926	1	792	65.7	0.321787	27.9	102177
1573	558.092857	0	155	7.7	0.321988	27.9	102177
1574	558.684236	0	152	7.4	0.322184	27.9	102177
1575	558.852016	0	150	7.2	0.322387	27.9	102177
1576	558.980535	0	593	48.2	0.322590	27.9	102176
1577	559.180693	0	3113	265.7	0.322789	27.9	102176
1578	560.787367	0	320	23.3	0.322997	27.9	102176
1579	560.909979	0	148	7.0	0.323202	27.9	102176
1580	561.267829	0	331	24.2	0.323403	27.9	102176
1581	561.445677	0	733	60.2	0.323606	27.9	102176
1582	561.853295	0	1026	86.9	0.323818	27.9	102176
1583	562.099177	0	248	16.8	0.324023	27.9	102175
1584	562.150255	0	590	47.9	0.324227	27.9	102175
1585	562.174678	0	1457	122.9	0.324434	27.9	102175
1586	564.483894	0	300	21.5	0.324638	27.9	102178
1587	564.729805	0	505	39.8	0.324860	27.9	102178
1588	564.771809	0	150	7.2	0.325114	27.9	102178
1589	564.772679	0	154	7.6	0.325332	27.9	102178
1590	565.188612	0	253	17.3	0.325510	27.9	102178
1591	565.407431	0	1301	109.9	0.325712	27.9	102177
1592	566.034333	0	2128	176.8	0.325922	27.9	102177
1593	566.433328	0	502	39.6	0.326122	27.9	102177
1594	566.577314	0	632	51.7	0.326329	27.9	102177
1595	566.611172	0	312	22.6	0.326529	27.9	102177
1596	567.398674	0	1949	162.6	0.326733	27.9	102177
1597	567.754307	0	148	7.0	0.326940	27.9	102177
1598	568.464586	0	147	6.9	0.327141	27.9	102177
1599	569.230327	0	1035	87.7	0.327349	27.9	102177
1600	569.345390	0	227	14.8	0.327552	27.9	102177
1601	569.442448	0	230	15.1	0.327759	27.9	102177
1602	569.770633	0	180	10.2	0.327963	27.9	102177
1603	569.776966	0	229	15.0	0.328162	27.9	102177
1604	570.730780	0	234	15.5	0.328333	27.9	102176
1605	570.785512	0	164	8.6	0.328537	27.9	102176
1606	571.058220	0	397	30.0	0.328742	27.9	102176
1607	571.517969	0	152	7.4	0.328944	27.9	102176
1608	571.777617	0	166	8.8	0.329151	27.9	102176
1609	572.659096	0	492	38.7	0.329351	27.9	102176
1610	572.977111	0	1578	133.0	0.329551	27.9	102176
1611	573.029582	0	169	9.1	0.329752	27.9	102176
1612	573.119574	0	289	20.6	0.329956	27.9	102176
1613	573.882772	0	214	13.5	0.330155	27.9	102176
1614	573.939629	0	218	13.9	0.330355	27.9	102175
1615	575.178272	0	170	9.2	0.330557	27.9	102175
1616	575.727757	1	153	7.5	0.330789	27.9	102175
1617	576.078297	0	168	9.0	0.331048	27.9	102175
1618	576.226179	1	164	8.6	0.331268	27.9	102175
1619	576.238973	0	737	60.6	0.331500	27.9	102175
1620	577.000128	0	180	10.2	0.331693	27.9	102180
1621	578.101276	0	178	10.0	0.331891	27.9	102180
1622	578.209859	0	1001	84.8	0.332099	27.9	102180
1623	578.511581	0	293	20.9	0.332303	27.9	102179
1624	578.800515	0	168	9.0	0.332502	27.9	102179
1625	578.868605	0	330	24.1	0.332702	27.9	102179
1626	580.077666	0	214	13.5	0.332903	27.9	102179
1627	580.664657	0	154	7.6	0.333102	27.9	102179
1628	581.078482	0	3569	307.4	0.333323	27.9	102179
1629	581.119919	0	431	33.1	0.333533	27.9	102179
1630	581.169468	0	153	7.5	0.333737	27.9	102179
1631	581.420329	0	264	18.3	0.333939	27.9	102179
1632	581.551101	0	155	7.7	0.334140	27.9	102179
1633	582.080854	0	435	33.5	0.334340	27.9	102179
1634	582.421584	0	364	27.1	0.334544	27.9	102179
1635	582.683421	0	752	62.0	0.334742	27.9	102179
1636	582.940226	0	191	11.3	0.334941	27.9	102179
1637	583.613851	0	299	21.5	0.335139	27.9	102179
1638	583.632806	0	800	66.5	0.335344	27.9	102179
1639	583.871019	0	329	24.1	0.335562	27.9	102179
1640	584.413059	0	190	11.2	0.335763	27.9	102179
1641	584.938667	0	185	10.7	0.335964	27.9	102179
1642	585.016677	0	204	12.6	0.336169	27.9	102179
1643	586.298729	0	162	8.4	0.336373	27.9	102179
1644	586.384268	1	754	62.2	0.336602	27.9	102179
1645	587.034827	0	185	10.7	0.336858	27.9	102179
1646	587.381903	0	186	10.8	0.337080	27.9	102179
1647	587.854323	0	240	16.1	0.337287	27.9	102178
1648	588.189900	0	245	16.6	0.337486	27.9	102178
1649	588.841347	0	347	25.6	0.337698	27.9	102178
1650	589.059507	0	2241	185.9	0.337900	27.9	102178
1651	589.211821	0	496	39.0	0.338106	27.9	102178
1652	589.297793	0	160	8.2	0.338309	27.9	102178
1653	589.412439	0	352	26.1	0.338507	27.9	102178
1654	589.866949	0	372	27.8	0.338706	27.9	102178
1655	590.106953	0	270	18.9	0.338913	27.9	102178
1656	591.145192	0	186	10.8	0.339119	27.9	102181
1657	591.167989	0	933	79.0	0.339320	27.9	102181
1658	591.693714	0	148	7.0	0.339513	27.9	102181
1659	592.627993	0	388	29.2	0.339715	27.9	102180
1660	592.702162	0	209	13.1	0.339924	27.9	102180
1661	593.292780	0	198	12.0	0.340123	27.9	102180
1662	593.834082	0	147	6.9	0.340325	27.9	102180
1663	594.255295	0	178	10.0	0.340528	27.9	102180
1664	594.632054	0	203	12.5	0.340728	27.9	102180
1665	594.782760	0	161	8.3	0.340931	27.9	102180
1666	594.902005	0	946	80.2	0.341132	27.9	102180
1667	594.972499	0	399	30.2	0.341336	27.9	102180
1668	595.244347	0	235	15.6	0.341539	27.9	102179
1669	595.365312	0	192	11.4	0.341749	27.9	102179
1670	595.409345	0	1059	89.7	0.341955	27.9	102179
1671	595.425229	0	816	68.0	0.342157	27.9	102179
1672	595.503101	0	188	11.0	0.342365	27.9	102179
1673	596.152790	0	450	34.8	0.342570	27.9	102179
1674	596.241288	0	157	7.9	0.342769	27.9	102179
1675	596.455759	0	159	8.1	0.342990	27.9	102179
